334	0
334,0100098	3,457999229
334,0200195	10,59982872
334,0300293	7,385252953
334,0400391	-1,043645501
334,0500488	9,590279579
334,0600586	2,7318542
334,0700684	-0,562962413
334,0800781	11,43697929
334,0900879	4,587585926
334,1000977	15,28756142
334,1101074	16,2397213
334,1201172	10,57132816
334,130127	12,41977596
334,1401367	12,61655617
334,1501465	18,61882401
334,1601563	10,99558067
334,170166	8,532081604
334,1801758	9,315405846
334,1901855	14,91123962
334,2001953	11,27179146
334,2102051	10,71314716
334,2202148	12,36927986
334,2302246	5,879150391
334,2402344	-3,165923595
334,2502441	-4,744204044
334,2602539	20,59736252
334,2702637	-1,504367232
334,2802734	8,987170219
334,2902832	1,578415275
334,300293	10,09320259
334,3103027	-1,204708934
334,3203125	7,883382797
334,3303223	2,576506853
334,340332	12,97756767
334,3503418	11,05714417
334,3603516	19,58579636
334,3703613	6,716088295
334,3803711	15,29477119
334,3903809	6,649693489
334,4003906	23,30362129
334,4104004	-0,199298978
334,4204102	4,335188389
334,4304199	21,90240288
334,4404297	12,31464863
334,4504395	10,81902218
334,4604492	3,954588652
334,470459	-1,135653019
334,4804688	15,87653255
334,4904785	9,715101242
334,5004883	9,592394829
334,510498	7,984098434
334,5205078	14,29397106
334,5305176	25,33782196
334,5405273	2,439566612
334,5505371	10,09974003
334,5605469	11,22907257
334,5705566	9,234434128
334,5805664	10,7888546
334,5905762	6,129440308
334,6005859	16,13653374
334,6105957	16,36830521
334,6206055	0,828061819
334,6306458	14,42141342
334,6406555	8,136330605
334,6506653	7,577680111
334,660675	14,44566917
334,6706848	11,14476109
334,6806946	15,33449173
334,6907043	9,976102829
334,7007141	25,53783989
334,7107239	16,41709709
334,7207336	5,740445614
334,7307434	2,611935139
334,7407532	11,3387928
334,7507629	5,263978481
334,7607727	-2,603941202
334,7707825	6,700588703
334,7807922	9,828687668
334,790802	4,58219862
334,8008118	9,183726311
334,8108215	0,571269512
334,8208313	18,3150177
334,8308411	4,92513752
334,8408508	7,321669102
334,8508606	5,292458534
334,8608704	7,880740643
334,8708801	7,581561565
334,8808899	6,542766094
334,8908997	8,076426506
334,9009094	9,260072708
334,9109192	8,314182281
334,920929	14,08316708
334,9309387	5,44894743
334,9409485	10,46683693
334,9509583	12,09247494
334,960968	-8,117557526
334,9709778	9,842558861
334,9809875	11,77926445
334,9909973	9,608812332
335,0010071	4,798593521
335,0110168	10,57751942
335,0210266	-5,605494022
335,0310364	3,749683142
335,0410461	0,627568007
335,0510559	-4,743605137
335,0610657	13,29342937
335,0710754	9,034621239
335,0810852	0,455145419
335,091095	5,681328297
335,1011047	12,29076767
335,1111145	9,419821739
335,1211243	6,936075211
335,131134	6,881037235
335,1411438	4,388195992
335,1511536	3,927779913
335,1611633	8,234327316
335,1711731	6,014911175
335,1811829	7,137215614
335,1911926	5,445853233
335,2012024	9,234480858
335,2112122	10,82005692
335,2212219	7,256648064
335,2312317	7,085018158
335,2412415	4,782702923
335,2512512	6,093108177
335,261261	2,905501604
335,2712708	12,40749264
335,2812805	5,963841915
335,2912903	6,35118103
335,3013	8,867804527
335,3113098	3,244372845
335,3213196	5,363125801
335,3313293	7,103564262
335,3413391	-3,271146536
335,3513489	11,11106682
335,3613586	6,636576176
335,3713684	6,068637371
335,3813782	0,656414807
335,3913879	17,57492256
335,4013977	6,198434353
335,4114075	4,739093781
335,4214172	6,225874901
335,431427	0,298563749
335,4414368	3,436476469
335,4514465	10,78983402
335,4614563	20,61888313
335,4714661	14,51607227
335,4814758	2,759843349
335,4914856	3,984279871
335,5014954	12,89778805
335,5115051	-2,840573072
335,5215149	8,73449707
335,5315247	7,087167263
335,5415344	20,49041367
335,5515442	9,109560013
335,561554	4,312229633
335,5715637	7,654356003
335,5815735	9,255516052
335,5915833	13,92258263
335,601593	18,41073418
335,6116028	8,289896011
335,6216125	8,812695503
335,6316223	4,261841774
335,6416321	16,81967735
335,6516418	12,31996155
335,6616516	10,86470032
335,6716614	7,788383961
335,6816711	-3,672075033
335,6916809	15,28501987
335,7016907	4,828696728
335,7117004	12,68987656
335,7217102	11,27603531
335,73172	13,75257874
335,7417297	8,611870766
335,7517395	4,439330578
335,7617493	14,38750839
335,771759	13,87454033
335,7817688	6,703407288
335,7917786	5,902808666
335,8017883	-2,114307642
335,8117981	5,141280651
335,8218079	1,949906707
335,8318176	5,220754623
335,8418274	12,68430328
335,8518372	11,33027363
335,8618469	5,622539997
335,8718567	12,82019329
335,881897	4,992026806
335,8919067	14,61002922
335,9019165	1,917187929
335,9119263	0,654144645
335,921936	2,440794468
335,9319458	-0,116543986
335,9419556	8,747941017
335,9519653	18,71180153
335,9619751	5,408046246
335,9719849	6,639726639
335,9819946	0,235718951
335,9920044	2,183245897
336,0020142	-0,86000675
336,0120239	-1,624675751
336,0220337	5,49678421
336,0320435	13,92082024
336,0420532	0,150473103
336,052063	2,378132582
336,0620728	6,611278057
336,0720825	2,445169926
336,0820923	6,836168766
336,0921021	12,8540554
336,1021118	14,30073071
336,1121216	2,217576981
336,1221313	-0,532747865
336,1321411	23,63303185
336,1421509	-4,448717594
336,1521606	9,264354706
336,1621704	4,872409344
336,1721802	11,38558388
336,1821899	5,48025322
336,1921997	-5,463954449
336,2022095	-0,114473589
336,2122192	5,680387497
336,222229	9,669541359
336,2322388	0,481995016
336,2422485	2,048126459
336,2522583	13,64947796
336,2622681	6,124278069
336,2722778	-0,255464137
336,2822876	5,738220215
336,2922974	16,2766819
336,3023071	14,45953083
336,3123169	9,782759666
336,3223267	6,200226784
336,3323364	7,485005379
336,3423462	16,5460453
336,352356	6,543198109
336,3623657	7,094898701
336,3723755	-0,623102188
336,3823853	4,224128246
336,392395	-1,830637693
336,4024048	14,91492367
336,4124146	11,3660183
336,4224243	13,92560577
336,4324341	13,41311264
336,4424438	0,470154315
336,4524536	5,926817894
336,4624634	1,074634075
336,4724731	12,23191452
336,4824829	9,618585587
336,4924927	0,930440247
336,5025024	1,89598918
336,5125122	0,360775501
336,522522	3,277198315
336,5325317	-0,93434006
336,5425415	8,35286808
336,5525513	0,998896241
336,562561	4,23709774
336,5725708	-0,190444186
336,5825806	12,43371487
336,5925903	2,951900005
336,6026001	15,94248104
336,6126099	3,712318897
336,6226196	-1,057054758
336,6326294	12,19917107
336,6426392	14,15187454
336,6526489	15,3970623
336,6626587	-2,952986002
336,6726685	2,334980726
336,6826782	9,363422394
336,692688	10,52702808
336,7026978	-1,054769039
336,7127075	11,53812122
336,7227173	4,543495655
336,7327271	-0,351866335
336,7427368	-1,569895506
336,7527466	9,64240551
336,7627563	4,493486404
336,7727661	-4,96561861
336,7827759	3,258567572
336,7927856	6,199542522
336,8027954	16,5075016
336,8128052	9,982130051
336,8228149	7,465878487
336,8328247	6,946844101
336,8428345	6,754776001
336,8528442	5,860489845
336,862854	13,58321667
336,8728638	12,77718258
336,8828735	10,77373314
336,8928833	11,64479542
336,9028931	14,85032845
336,9129028	9,892501831
336,9229126	10,11033535
336,9329224	16,20847321
336,9429321	10,47322941
336,9529419	7,603816032
336,9629517	4,225393295
336,9729614	10,27744484
336,9829712	6,841546059
336,992981	13,84298706
337,0029907	14,99025059
337,0130005	16,8065033
337,0230103	14,19803524
337,03302	12,95972157
337,0430298	21,64486885
337,0530396	15,31555176
337,0630493	23,13891029
337,0730591	17,86509323
337,0830688	11,57761002
337,0930786	28,2645874
337,1030884	9,555925369
337,1130981	12,18670464
337,1231079	11,14425564
337,1331482	15,84290218
337,143158	27,12861443
337,1531677	14,36107159
337,1631775	4,906970501
337,1731873	12,35321522
337,183197	8,084171295
337,1932068	18,65564728
337,2032166	10,48233128
337,2132263	16,61076355
337,2232361	9,091674805
337,2332458	16,09277344
337,2432556	19,01172066
337,2532654	6,562170029
337,2632751	11,15137672
337,2732849	4,386564255
337,2832947	11,46409607
337,2933044	10,0792675
337,3033142	20,43713379
337,313324	29,19403076
337,3233337	20,07073212
337,3333435	23,0144558
337,3433533	23,81553268
337,353363	22,37431717
337,3633728	27,87621689
337,3733826	9,281019211
337,3833923	23,12055016
337,3934021	26,38072586
337,4034119	11,44355392
337,4134216	19,08012962
337,4234314	32,05348969
337,4334412	23,65306854
337,4434509	17,63420868
337,4534607	12,39928055
337,4634705	29,48983574
337,4734802	20,67081833
337,48349	19,8670578
337,4934998	26,75255013
337,5035095	20,22386742
337,5135193	26,10747337
337,5235291	23,13567924
337,5335388	36,02893066
337,5435486	32,0906105
337,5535583	27,80321503
337,5635681	24,0682888
337,5735779	21,00308228
337,5835876	33,93682861
337,5935974	18,25652122
337,6036072	27,1876812
337,6136169	30,47842026
337,6236267	35,19049835
337,6336365	31,63775826
337,6436462	33,57427979
337,653656	31,35454559
337,6636658	39,98131943
337,6736755	33,70139313
337,6836853	38,3985405
337,6936951	39,71414566
337,7037048	23,89322662
337,7137146	38,51596832
337,7237244	38,25043869
337,7337341	32,22794342
337,7437439	47,47129822
337,7537537	39,58473969
337,7637634	43,08439255
337,7737732	41,65051651
337,783783	37,06658173
337,7937927	43,40268707
337,8038025	50,40232849
337,8138123	52,0405159
337,823822	40,56042862
337,8338318	43,83895493
337,8438416	50,86742401
337,8538513	41,10345459
337,8638611	35,8484993
337,8738708	53,3845787
337,8838806	49,1556778
337,8938904	50,68287659
337,9039001	47,06840897
337,9139099	48,91751099
337,9239197	51,21291733
337,9339294	50,05722046
337,9439392	50,1430397
337,953949	52,772892
337,9639587	47,22480011
337,9739685	49,21466446
337,9839783	58,98971176
337,993988	51,3011055
338,0039978	61,26387024
338,0140076	40,50797272
338,0240173	49,62313461
338,0340271	54,57261276
338,0440369	48,13810349
338,0540466	40,91713715
338,0640564	47,7995224
338,0740662	51,06237411
338,0840759	42,23684311
338,0940857	29,43437004
338,1040955	44,26929474
338,1141052	39,7390213
338,124115	47,68321609
338,1341248	22,79491043
338,1441345	17,55493927
338,1541443	43,81044006
338,1641541	25,98622894
338,1741638	25,24378204
338,1841736	26,10540771
338,1941833	27,08305931
338,2041931	19,17466164
338,2142029	24,9576149
338,2242126	5,460333347
338,2342224	22,98309708
338,2442322	13,30705452
338,2542419	12,62008095
338,2642517	6,805893898
338,2742615	15,59298897
338,2842712	16,44211769
338,294281	8,008067131
338,3042908	5,119682312
338,3143005	5,704325676
338,3243103	6,740834713
338,3343201	14,38080025
338,3443298	13,01795197
338,3543396	-4,11041975
338,3643494	1,096564889
338,3743591	-3,02051878
338,3843994	-8,970815659
338,3944092	1,149704695
338,4044189	-22,84705544
338,4144287	-6,156023026
338,4244385	0,326187015
338,4344482	-9,675442696
338,444458	-12,11668777
338,4544678	-10,83761501
338,4644775	-11,56083012
338,4744873	-31,03525543
338,4844971	-14,8850584
338,4945068	-18,05359268
338,5045166	-15,85009289
338,5145264	-32,13835526
338,5245361	-26,25482559
338,5345459	-26,58295631
338,5445557	-24,55923653
338,5545654	-29,05778122
338,5645752	-27,63765526
338,574585	-22,66583633
338,5845947	-22,63077927
338,5946045	-27,53222656
338,6046143	-32,47402191
338,614624	-46,7964859
338,6246338	-24,68469429
338,6346436	-30,32358551
338,6446533	-31,97980499
338,6546631	-29,37116623
338,6646729	-30,65778351
338,6746826	-33,7263298
338,6846924	-33,71914291
338,6947021	-27,45578575
338,7047119	-27,87852478
338,7147217	-32,29212189
338,7247314	-40,82845688
338,7347412	-38,76147461
338,744751	-36,90460968
338,7547607	-27,27830887
338,7647705	-28,63237572
338,7747803	-37,92202759
338,78479	-34,64178085
338,7947998	-33,21958542
338,8048096	-34,97297287
338,8148193	-34,1677742
338,8248291	-45,55914307
338,8348389	-26,96616173
338,8448486	-20,20452499
338,8548584	-32,45042801
338,8648682	-27,84301376
338,8748779	-28,85663223
338,8848877	-29,36746597
338,8948975	-33,96583176
338,9049072	-36,06779861
338,914917	-22,10638237
338,9249268	-26,63483047
338,9349365	-25,08340645
338,9449463	-21,83919525
338,9549561	-26,48230362
338,9649658	-29,81805229
338,9749756	-24,08909607
338,9849854	-29,20018196
338,9949951	-21,0444603
339,0050049	-22,18069077
339,0150146	-15,49238491
339,0250244	-25,23207664
339,0350342	-22,7609539
339,0450439	-20,47812271
339,0550537	-7,880731106
339,0650635	-12,69361877
339,0750732	-13,03770351
339,085083	-18,86271667
339,0950928	-16,62661552
339,1051025	-24,90423203
339,1151123	-19,42716026
339,1251221	-22,43891716
339,1351318	-24,54240227
339,1451416	-17,50634766
339,1551514	-10,553792
339,1651611	-8,308584213
339,1751709	-17,94322205
339,1851807	-23,18559074
339,1951904	-7,779319763
339,2052002	-12,97173595
339,21521	-13,70571041
339,2252197	-4,87687397
339,2352295	-17,86615372
339,2452393	-7,709751129
339,255249	-7,468195438
339,2652588	-2,653049231
339,2752686	-4,870807648
339,2852783	-10,47817326
339,2952881	-23,46409225
339,3052979	-11,49397659
339,3153076	-9,532438278
339,3253174	-2,362137794
339,3353271	-0,304936349
339,3453369	-9,285692215
339,3553467	-1,287308574
339,3653564	-7,650797367
339,3753662	-7,433288574
339,385376	-8,296175957
339,3953857	-4,295710087
339,4053955	-14,70045376
339,4154053	7,294646263
339,425415	-25,41352844
339,4354248	9,154015541
339,4454346	13,06475449
339,4554443	21,62320518
339,4654541	22,33137894
339,4754639	5,880220413
339,4854736	7,810176849
339,4954834	23,14004326
339,5054932	21,0576725
339,5155029	18,60075569
339,5255127	19,65733337
339,5355225	12,09225464
339,5455322	8,168607712
339,555542	0,862489462
339,5655518	13,49752712
339,5755615	13,8395462
339,5855713	17,62464523
339,5955811	16,76618576
339,6055908	5,535947323
339,6156006	4,355298042
339,6256409	0,429701596
339,6356506	17,7789135
339,6456604	11,02986622
339,6556702	19,09278297
339,6656799	10,64681816
339,6756897	12,24374771
339,6856995	17,88124466
339,6957092	19,68600273
339,705719	7,086704731
339,7157288	19,29409599
339,7257385	3,400312662
339,7357483	14,63547802
339,7457581	24,54906464
339,7557678	11,66755009
339,7657776	11,92507267
339,7757874	9,746682167
339,7857971	10,58923149
339,7958069	5,674912453
339,8058167	13,82056618
339,8158264	10,51440716
339,8258362	6,743254662
339,8358459	3,433202028
339,8458557	30,98889542
339,8558655	12,3489542
339,8658752	13,91144848
339,875885	19,36568069
339,8858948	28,64206314
339,8959045	17,5770359
339,9059143	14,74971771
339,9159241	17,9121151
339,9259338	12,77797794
339,9359436	16,4654007
339,9459534	18,241539
339,9559631	15,38509941
339,9659729	23,76907921
339,9759827	19,86231041
339,9859924	22,69221687
339,9960022	11,00202179
340,006012	20,80584145
340,0160217	10,86559105
340,0260315	12,76470947
340,0360413	22,6378479
340,046051	23,07756424
340,0560608	18,65772629
340,0660706	23,9737072
340,0760803	16,70451927
340,0860901	21,18180656
340,0960999	10,03415298
340,1061096	3,268808126
340,1161194	21,27130127
340,1261292	13,22346687
340,1361389	8,680247307
340,1461487	22,86859703
340,1561584	12,76276779
340,1661682	10,42379665
340,176178	4,117761612
340,1861877	14,15686512
340,1961975	10,65617466
340,2062073	16,66487885
340,216217	20,20918655
340,2262268	1,708270192
340,2362366	6,581991673
340,2462463	19,50918388
340,2562561	-0,181233838
340,2662659	9,359700203
340,2762756	12,40824318
340,2862854	2,24964118
340,2962952	6,864172935
340,3063049	25,10097694
340,3163147	3,036104202
340,3263245	11,03907204
340,3363342	10,18943214
340,346344	18,84949684
340,3563538	18,74430275
340,3663635	13,79195786
340,3763733	13,46612644
340,3863831	16,2287178
340,3963928	13,89457989
340,4064026	12,61605644
340,4164124	3,598271847
340,4264221	6,669386387
340,4364319	15,17893791
340,4464417	7,676792145
340,4564514	0,824639916
340,4664612	5,684494495
340,4764709	-4,613869667
340,4864807	12,35797405
340,4964905	8,171088219
340,5065002	14,12310505
340,51651	26,73534393
340,5265198	5,160981178
340,5365295	23,81604767
340,5465393	14,62304783
340,5565491	0,548210561
340,5665588	3,768649578
340,5765686	14,53146362
340,5865784	15,13574886
340,5965881	13,44912052
340,6065979	6,203530312
340,6166077	17,82591629
340,6266174	4,388914108
340,6366272	10,76386929
340,646637	20,6591568
340,6566467	9,585424423
340,6666565	-3,796557188
340,6766663	15,32484818
340,686676	15,68595314
340,6966858	19,93037415
340,7066956	15,72374725
340,7167053	6,962429523
340,7267151	14,84302902
340,7367249	12,40569592
340,7467346	12,77819824
340,7567444	17,31464386
340,7667542	15,91480637
340,7767639	6,249574661
340,7867737	-0,708744407
340,7967834	11,41632557
340,8067932	13,0006094
340,816803	6,755775452
340,8268127	10,06838894
340,8368225	11,709692
340,8468323	20,0258522
340,856842	6,322183609
340,8668518	25,00843048
340,8768921	14,17291451
340,8869019	-0,774295747
340,8969116	16,5573101
340,9069214	9,202918053
340,9169312	15,76693916
340,9269409	19,79015732
340,9369507	17,42877197
340,9469604	7,712358952
340,9569702	9,197759628
340,96698	8,128723145
340,9769897	9,615154266
340,9869995	4,873763084
340,9970093	20,89143181
341,007019	14,02318859
341,0170288	6,137009144
341,0270386	17,91497993
341,0370483	12,46104908
341,0470581	24,03554726
341,0570679	15,61265945
341,0670776	-1,834647894
341,0770874	9,95334053
341,0870972	7,015147686
341,0971069	11,57248497
341,1071167	15,26794529
341,1171265	15,54980087
341,1271362	3,301059484
341,137146	17,54479218
341,1471558	11,17929649
341,1571655	18,77942848
341,1671753	15,60677814
341,1771851	15,96753311
341,1871948	15,99027538
341,1972046	9,773777008
341,2072144	8,365304947
341,2172241	19,67238235
341,2272339	14,45996189
341,2372437	8,102377892
341,2472534	14,34246731
341,2572632	5,185819626
341,2672729	10,00756264
341,2772827	-3,357917786
341,2872925	28,58162117
341,2973022	4,834381104
341,307312	26,07546616
341,3173218	12,31607819
341,3273315	15,94528484
341,3373413	3,010931492
341,3473511	13,19244289
341,3573608	0,645131707
341,3673706	21,47880173
341,3773804	14,87396431
341,3873901	3,982095003
341,3973999	14,55905724
341,4074097	1,830558181
341,4174194	14,18890476
341,4274292	9,262677193
341,437439	15,20486069
341,4474487	15,36976624
341,4574585	-2,90385294
341,4674683	4,056714058
341,477478	10,67361259
341,4874878	14,91387939
341,4974976	3,468612194
341,5075073	3,224652767
341,5175171	5,509809017
341,5275269	14,93339062
341,5375366	10,99302864
341,5475464	-1,227998018
341,5575562	12,44382095
341,5675659	-6,465555191
341,5775757	0,612155437
341,5875854	8,705780029
341,5975952	4,194751263
341,607605	12,69497585
341,6176147	7,280154228
341,6276245	15,36055946
341,6376343	10,55586433
341,647644	3,456789255
341,6576538	-10,01686859
341,6676636	-1,270172715
341,6776733	0,488572538
341,6876831	7,324205875
341,6976929	7,229649067
341,7077026	0,08102686
341,7177124	8,892278671
341,7277222	5,903864384
341,7377319	16,95006561
341,7477417	-3,284965754
341,7577515	5,278320789
341,7677612	17,01434326
341,777771	1,866162062
341,7877808	6,610586643
341,7977905	7,412228107
341,8078003	5,656294346
341,8178101	11,34944439
341,8278198	8,298994064
341,8378296	12,03767681
341,8478394	3,105895758
341,8578491	4,410014153
341,8678589	10,11318016
341,8778687	13,96962357
341,8878784	13,58135033
341,8978882	5,18778801
341,9078979	9,538619995
341,9179077	21,82054901
341,9279175	6,7441535
341,9379272	19,66618538
341,947937	14,29625034
341,9579468	6,065931797
341,9679565	3,525599957
341,9779663	4,606083393
341,9879761	22,22650337
341,9979858	-2,922623158
342,0079956	11,86478138
342,0180054	-1,118669271
342,0280151	11,67891598
342,0380249	-1,228420258
342,0480347	9,221126556
342,0580444	12,10340405
342,0680542	1,748932481
342,078064	2,86023283
342,0880737	15,30556583
342,0980835	19,80024147
342,1080933	10,31665325
342,118103	6,906413078
342,1281433	7,883795261
342,1381531	12,76333618
342,1481628	-1,439131737
342,1581726	16,59243393
342,1681824	-2,36128068
342,1781921	4,923008442
342,1882019	-1,185325861
342,1982117	3,052671909
342,2082214	11,97256947
342,2182312	4,964336395
342,228241	7,418606281
342,2382507	3,377893209
342,2482605	9,654209137
342,2582703	1,862865448
342,26828	14,78968143
342,2782898	8,004792213
342,2882996	4,008301258
342,2983093	3,89465332
342,3083191	4,042786598
342,3183289	3,065375328
342,3283386	-3,215369225
342,3383484	6,125409126
342,3483582	7,467474937
342,3583679	9,036943436
342,3683777	3,699542284
342,3783875	12,46697903
342,3883972	9,96281147
342,398407	24,94074059
342,4084167	7,866725445
342,4184265	19,93398094
342,4284363	-6,649392128
342,438446	14,52570724
342,4484558	3,463728189
342,4584656	-0,825209975
342,4684753	2,361172915
342,4784851	-0,941143095
342,4884949	11,45277882
342,4985046	-1,768554807
342,5085144	4,618453503
342,5185242	7,933188438
342,5285339	10,70035362
342,5385437	2,005249739
342,5485535	4,753857613
342,5585632	5,083395481
342,568573	8,551192284
342,5785828	2,577719688
342,5885925	1,018568277
342,5986023	13,98782063
342,6086121	7,85794735
342,6186218	13,76530933
342,6286316	2,627104759
342,6386414	11,08965302
342,6486511	-5,776656628
342,6586609	-0,137181297
342,6686707	-0,72374171
342,6786804	19,83875465
342,6886902	8,437906265
342,6987	-3,918838739
342,7087097	-9,332082748
342,7187195	2,584435225
342,7287292	5,006831169
342,738739	13,92646599
342,7487488	11,00811768
342,7587585	7,01615715
342,7687683	-1,012363791
342,7787781	17,74782944
342,7887878	11,7997818
342,7987976	10,53686905
342,8088074	2,73002696
342,8188171	3,419609785
342,8288269	11,85995483
342,8388367	6,446939468
342,8488464	9,823140144
342,8588562	21,55341339
342,868866	13,50258446
342,8788757	14,54313946
342,8888855	8,419065475
342,8988953	1,274138808
342,908905	1,59822917
342,9189148	2,611277819
342,9289246	3,546848059
342,9389343	1,974071026
342,9489441	7,574941635
342,9589539	-3,338452578
342,9689636	-2,655249834
342,9789734	5,845090389
342,9889832	-8,969952583
342,9989929	2,560322762
343,0090027	0,555144429
343,0190125	9,033871651
343,0290222	3,926949024
343,039032	-13,17044449
343,0490417	4,611450672
343,0590515	8,774711609
343,0690613	-8,392255783
343,079071	-2,934798241
343,0890808	8,821657181
343,0990906	2,528872252
343,1091003	-21,10596657
343,1191101	5,199192524
343,1291199	4,289449215
343,1391296	11,29014587
343,1491394	4,131824017
343,1591492	-2,141937256
343,1691589	-7,284669876
343,1791687	-4,503633499
343,1891785	6,561532497
343,1991882	-14,75588703
343,209198	1,445416331
343,2192078	5,703669071
343,2292175	7,690257549
343,2392273	4,845946789
343,2492371	16,26844406
343,2592468	-3,126027584
343,2692566	4,634691715
343,2792664	3,699430704
343,2892761	1,472406983
343,2992859	-2,555708408
343,3092957	0,899946332
343,3193054	3,14441514
343,3293152	-3,801716328
343,339325	5,267859459
343,3493347	6,049549103
343,3593445	3,891674995
343,3693542	14,53847408
343,3793945	1,241845846
343,3894043	-6,247783661
343,3994141	-3,498812199
343,4094238	9,246014595
343,4194336	9,979073524
343,4294434	8,068469048
343,4394531	3,687917471
343,4494629	3,104783773
343,4594727	-0,770382106
343,4694824	4,607862473
343,4794922	7,997464657
343,489502	-3,925993919
343,4995117	-2,792540073
343,5095215	1,790161848
343,5195313	3,279359818
343,529541	9,888510704
343,5395508	6,620983601
343,5495605	-2,049075365
343,5595703	15,43032169
343,5695801	8,444565773
343,5795898	-3,149866343
343,5895996	0,243775606
343,5996094	4,453593731
343,6096191	14,56426048
343,6196289	1,530558825
343,6296387	-14,76681805
343,6396484	1,864188552
343,6496582	-4,549982071
343,659668	5,088912964
343,6696777	15,92615795
343,6796875	0,839337051
343,6896973	-1,549446225
343,699707	12,16803551
343,7097168	10,91647243
343,7197266	8,529015541
343,7297363	5,492828846
343,7397461	-10,34052277
343,7497559	13,67434978
343,7597656	4,054312706
343,7697754	9,770768166
343,7797852	3,413451195
343,7897949	-6,639709949
343,7998047	-0,992350459
343,8098145	-0,369965315
343,8198242	0,784587383
343,829834	4,318579674
343,8398438	-0,131015882
343,8498535	9,268465996
343,8598633	5,015598774
343,869873	13,14212036
343,8798828	1,654408216
343,8898926	-5,748407841
343,8999023	-11,75756931
343,9099121	-8,437464714
343,9199219	-5,368202686
343,9299316	3,565366745
343,9399414	-7,941092014
343,9499512	-0,88768822
343,9599609	10,3600359
343,9699707	5,999697685
343,9799805	-0,654980779
343,9899902	2,643521786
344	6,38717E-16
