332	-1,7444286
332,012	-7,7960226
332,024	-15,04884918
332,036	-7,565343
332,048	-12,40988204
332,0601	-5,4805156
332,0721	-12,0962134
332,0841	-10,980944
332,0961	-16,46864
332,1081	-8,8168502
332,1201	-7,8459546
332,1321	-10,9278192
332,1441	-3,4710346
332,1562	-13,823138
332,1682	-12,547058
332,1802	-11,6609962
332,1922	-7,999993624
332,2042	0,76730376
332,2162	-8,5479134
332,2282	-11,8118222
332,2402	-0,17999576
332,2523	-11,5608068
332,2643	-1,6740942
332,2763	-5,4056418
332,2883	-5,8229446
332,3003	-2,0038938
332,3123	-21,4355684
332,3243	-7,5503207
332,3363	-9,1282122
332,3484	-15,4511132
332,3604	-2,1974186
332,3724	-17,023478
332,3844	-6,07432302
332,3964	-2,96908284
332,4084	-2,294392
332,4204	-10,8661006
332,4324	-12,8334302
332,4445	-7,84368422
332,4565	-11,62058046
332,4685	-16,1834308
332,4805	4,5065556
332,4925	-11,5342688
332,5045	-4,43348954
332,5165	-5,7104018
332,5285	-17,67539094
332,5405	-4,469697
332,5526	-0,97436418
332,5646	-9,24468018
332,5766	-23,7779412
332,5886	-1,5614304
332,6006	4,86604
332,6126	-8,9406724
332,6246	0,1384666
332,6366	-10,9756778
332,6487	0,98841048
332,6607	0,3665184
332,6727	-4,8205928
332,6847	-9,1112042
332,6967	-24,2136086
332,7087	-6,3707822
332,7207	-11,6370812
332,7327	-14,253841
332,7448	-5,3662
332,7567	1,1959414
332,7688	-0,8919417
332,7808	-5,6625308
332,7928	-12,1141746
332,8048	3,5298106
332,8168	-1,2794966
332,8288	-4,2422048
332,8409	5,48934144
332,8528	-12,23002934
332,8649	-13,6898466
332,8769	-2,9904962
332,8889	-14,0958478
332,9009	-9,57675
332,9129	-9,6953956
332,9249	-7,9722092
332,937	-29,961692
332,9489	-4,3504768
332,961	3,0556294
332,973	0,4424932
332,985	-0,9446137
332,997	-5,9042706
333,009	-9,4448626
333,021	-7,7580366
333,033	-8,8352626
333,045	3,1707126
333,0571	-6,2083322
333,0691	-11,36248002
333,0811	-9,5075844
333,0931	-7,5456824
333,1051	-6,5947866
333,1171	2,1189218
333,1291	-4,3765824
333,1411	-3,6400742
333,1532	-9,28993
333,1652	-11,13497218
333,1772	-5,2350309
333,1892	-2,972462
333,2012	-4,4145148
333,2132	-15,5571972
333,2252	-6,5565656
333,2372	4,272378266
333,2492	-11,8114366
333,2613	-1,94969454
333,2733	2,2649056
333,2853	-7,5432938
333,2973	-9,60454166
333,3093	-23,1674784
333,3213	-11,0879904
333,3333	-14,6401616
333,3453	-10,7722298
333,3574	-15,2208408
333,3694	-12,6555416
333,3814	3,331699
333,3934	-7,4621326
333,4054	-14,8860224
333,4174	-1,9661554
333,4294	0,70527806
333,4414	5,1283502
333,4535	-1,7838158
333,4655	0,15566998
333,4775	-7,5495346
333,4895	-10,075409
333,5015	-0,22255098
333,5135	-6,57009392
333,5255	-15,4514128
333,5375	-5,2556288
333,5496	0,49897872
333,5616	-10,5345108
333,5736	-3,0206236
333,5856	-15,528568
333,5976	-16,1963501
333,6096	-9,904441
333,6216	-5,7511296
333,6336	-10,4406004
333,6457	-11,8235656
333,6577	-10,9682064
333,6697	-11,848752
333,6817	-4,2525068
333,6937	-19,2275424
333,7057	-2,62391572
333,7177	-5,7574086
333,7297	-13,03239592
333,7417	-8,2535214
333,7538	-12,3337252
333,7658	-16,20879
333,7778	-11,06971551
333,7898	-4,73261406
333,8018	-0,59384766
333,8138	-13,11457254
333,8258	-10,95773344
333,8378	-0,60332868
333,8499	-5,1655538
333,8618	-12,6225472
333,8739	-21,8159428
333,8859	-2,137111
333,8979	-11,0232126
333,9099	-2,9316196
333,9219	-3,5640046
333,9339	-8,5859728
333,946	-4,39175706
333,9579	2,088132
333,97	-10,4984702
333,982	1,36472682
333,994	-7,1106724
334,006	-2,1879216
334,018	-7,1922546
334,03	-12,035184
334,0421	-19,5053492
334,054	-3,0025038
334,0661	-10,672562
334,0781	-6,429559
334,0901	-7,7857932
334,1021	-11,609108
334,1141	-10,50486261
334,1261	-20,01572
334,1382	-9,4695292
334,1501	-11,2878318
334,1622	-14,253798
334,1742	-0,073242146
334,1862	0,5145098
334,1982	1,667132
334,2102	-4,9507046
334,2222	-4,5210114
334,2342	-4,01311404
334,2462	-9,307797
334,2583	-1,2620942
334,2703	-1,8943442
334,2823	-2,8673304
334,2943	5,0631416
334,3063	-16,4163614
334,3183	-6,3226268
334,3303	-14,7289906
334,3423	-2,829891
334,3543	-9,4981984
334,3664	-9,05257914
334,3784	-4,79126192
334,3904	-11,96166818
334,4024	-18,1396656
334,4144	-4,1130384
334,4264	-4,6237014
334,4384	-11,2689178
334,4504	-6,0300484
334,4625	-8,2348731
334,4745	-6,7459594
334,4865	-5,8255022
334,4985	-4,6949798
334,5105	4,5667002
334,5225	-3,2250696
334,5345	-14,4857626
334,5465	-12,4362714
334,5586	-5,9487322
334,5706	-6,24230416
334,5826	-2,2274108
334,5946	1,0295286
334,6066	-2,6877132
334,6186	-13,442182
334,6306	-5,6187504
334,6426	-5,919201
334,6547	-13,6050726
334,6667	-15,7611828
334,6787	-16,3719544
334,6907	-3,7856206
334,7027	-5,6374028
334,7147	-5,959614
334,7267	-11,18866118
334,7387	-13,2402476
334,7508	-11,5457658
334,7628	-13,028468
334,7748	-12,6184526
334,7868	-13,661088
334,7988	-6,3408162
334,8108	-13,9655043
334,8228	-6,16866556
334,8348	-8,7507162
334,8468	-6,004942
334,8589	-12,379104
334,8709	-2,5125702
334,8829	-0,99417428
334,8949	-12,3060796
334,9069	-8,6554932
334,9189	-14,645822
334,9309	-2,3134186
334,9429	-6,8511382
334,955	2,7969356
334,967	-7,1352062
334,979	0,15680444
334,991	-12,12182
335,003	-5,4843878
335,015	-6,14450472
335,027	-15,488543
335,039	-6,8415698
335,0511	-11,9718276
335,063	-7,510229
335,0751	-18,7078408
335,0871	0,35431378
335,0991	-9,025266
335,1111	3,2088944
335,1231	-5,8784174
335,1351	-10,4533292
335,1472	-1,83329366
335,1591	1,2083932
335,1712	-16,270631
335,1832	-7,43750348
335,1952	-8,2035178
335,2072	-13,1764484
335,2192	-6,92191708
335,2312	-13,6370002
335,2433	-0,65209242
335,2552	1,3821366
335,2673	-8,95765874
335,2793	5,5715148
335,2913	-9,3398774
335,3033	0,59976426
335,3153	-16,2734088
335,3273	7,0876438
335,3393	-3,25043692
335,3513	-8,681859
335,3634	-13,0435414
335,3754	-4,5956436
335,3874	6,0676498
335,3994	-6,7279134
335,4114	-6,0016914
335,4234	-18,858844
335,4354	-4,6269646
335,4474	-4,5343
335,4595	-10,9390286
335,4715	-7,4977136
335,4835	2,1797498
335,4955	-16,5988076
335,5075	-2,30363686
335,5195	-16,3074484
335,5315	-9,1380134
335,5435	-11,217168
335,5555	-10,8422306
335,5676	-11,2157726
335,5796	2,61647734
335,5916	-8,805040876
335,6036	-13,8564406
335,6156	-5,079427
335,6276	-5,67195576
335,6396	-4,8224306
335,6516	-4,2869862
335,6637	-4,2557662
335,6757	-0,54725
335,6877	-11,51484116
335,6997	-6,8257496
335,7117	-15,0421018
335,7237	-3,387079
335,7357	-0,001260333
335,7477	-6,54189768
335,7598	-5,2476734
335,7718	-15,0772414
335,7838	-4,824625454
335,7958	-8,8811032
335,8078	-15,2676932
335,8198	-6,9011194
335,8318	-8,42943958
335,8438	-9,9270892
335,8559	-3,6028496
335,8679	-11,5458464
335,8799	5,39829336
335,8919	-3,0764946
335,9039	-14,926481
335,9159	-5,8722452
335,9279	-5,4230674
335,9399	-25,454772
335,952	-2,5340787
335,964	-5,3531122
335,976	-7,4640824
335,988	-7,8050456
336	-10,59234037
336,012	-6,5787688
336,024	0,95657738
336,036	-17,4384752
336,048	-6,65842896
336,0601	1,6850352
336,0721	5,1616922
336,0841	-3,7262798
336,0961	-6,187449
336,1081	0,87141254
336,1201	-11,6000308
336,1321	-5,7940658
336,1441	-2,965775736
336,1562	4,1136962
336,1682	-11,9711554
336,1802	-1,822034
336,1922	-4,54452218
336,2042	-4,5499058
336,2162	-1,528294
336,2282	-8,351192
336,2402	0,78044288
336,2523	-6,25754576
336,2643	-5,164941
336,2763	-3,6987904
336,2883	-0,87921302
336,3003	-5,2924908
336,3123	-6,9617294
336,3243	5,328479
336,3363	12,307852
336,3484	1,1452776
336,3604	11,6817002
336,3724	-6,8240726
336,3844	-4,8615072
336,3964	-0,48817076
336,4084	1,3384674
336,4204	-9,421619
336,4324	2,3078194
336,4445	0,46147338
336,4565	4,6795548
336,4685	7,6490688
336,4805	-8,7456826
336,4925	-2,3169992
336,5045	-4,1552014
336,5165	0,3804755
336,5285	0,39035352
336,5405	0,5995648
336,5526	-3,479396
336,5646	-3,052479
336,5766	8,2835318
336,5886	4,73008902
336,6006	5,369539
336,6126	21,0527998
336,6246	-2,194917
336,6366	11,6876244
336,6487	21,9747302
336,6607	19,214928
336,6727	16,1475606
336,6847	15,2367132
336,6967	21,245463
336,7087	19,6738314
336,7207	19,059858
336,7327	23,9147332
336,7448	33,622692
336,7567	15,3428918
336,7688	35,576954
336,7808	40,13035
336,7928	21,1309086
336,8048	18,6376294
336,8168	33,600746
336,8288	39,831042
336,8409	31,16035
336,8528	42,039006
336,8649	39,1144
336,8769	31,967636
336,8889	38,490538
336,9009	37,40868
336,9129	39,25786
336,9249	43,993412
336,937	39,158368
336,9489	43,905882
336,961	53,810164
336,973	37,03941
336,985	45,122876
336,997	38,304738
337,009	44,305142
337,021	36,092118
337,033	30,653042
337,045	36,100388
337,0571	31,948094
337,0691	19,8142722
337,0811	33,884224
337,0931	29,964344
337,1051	26,681062
337,1171	10,6565912
337,1291	24,11101
337,1411	19,3336812
337,1532	15,29673052
337,1652	6,094726
337,1772	8,6572232
337,1892	1,11092808
337,2012	-3,2245546
337,2132	-9,486261
337,2252	2,0265552
337,2372	-10,3479084
337,2492	-10,9626258
337,2613	-14,8263962
337,2733	-20,370622
337,2853	-22,795862
337,2973	-32,910738
337,3093	-23,520316
337,3213	-37,7967196
337,3333	-33,343552
337,3453	-26,096428
337,3574	-34,502688
337,3694	-35,579062
337,3814	-44,23992
337,3934	-26,791038
337,4054	-29,773046
337,4174	-29,158086
337,4294	-18,8960216
337,4414	-28,540502
337,4535	-34,624252
337,4655	-29,35601
337,4775	-32,690422
337,4895	-35,365234
337,5015	-31,163938
337,5135	-33,00914
337,5255	-26,477492
337,5375	-31,506606
337,5496	-36,402758
337,5616	-37,561618
337,5736	-43,034798
337,5856	-38,642272
337,5976	-34,160362
337,6096	-44,77154
337,6216	-37,10199
337,6336	-42,813152
337,6457	-45,95427
337,6577	-34,72594
337,6697	-44,072708
337,6817	-45,464948
337,6937	-49,814068
337,7057	-44,432814
337,7177	-43,52415
337,7297	-54,475088
337,7417	-55,026518
337,7538	-38,5316
337,7658	-45,621762
337,7778	-39,724854
337,7898	-51,41007
337,8018	-63,298004
337,8138	-42,987706
337,8258	-32,095962
337,8378	-41,847916
337,8499	-53,800492
337,8618	-40,061452
337,8739	-42,409092
337,8859	-39,35451
337,8979	-47,59615
337,9099	-31,88956
337,9219	-33,5045
337,9339	-39,960632
337,946	-40,941974
337,9579	-32,0243112
337,97	-11,963502
337,982	-30,994126
337,994	-40,891624
338,006	-37,671688
338,018	-30,30047
338,03	-29,465336
338,0421	-22,6127744
338,054	-28,486608
338,0661	-28,452038
338,0781	-9,62487366
338,0901	-32,4038
338,1021	-17,2875244
338,1141	-23,755029
338,1261	-22,8582808
338,1382	-24,1267242
338,1501	-14,1097544
338,1622	-16,7295456
338,1742	-22,462676
338,1862	-24,7472164
338,1982	-13,5238766
338,2102	-22,028328
338,2222	-17,22015
338,2342	-19,68178
338,2462	-23,0186082
338,2583	-19,866838
338,2703	-12,0413914
338,2823	-14,7865716
338,2943	-6,692875
338,3063	-16,1523658
338,3183	-8,778159
338,3303	-10,7581098
338,3423	-12,20505006
338,3543	-20,91916
338,3664	-5,3992114
338,3784	-18,4007928
338,3904	-16,06587778
338,4024	-11,065652
338,4144	-8,2659748
338,4264	-14,1634572
338,4384	-11,534362
338,4504	-18,8119818
338,4625	-17,8552322
338,4745	-16,864544
338,4865	-4,39918838
338,4985	-23,07605252
338,5105	-18,5031306
338,5225	-18,682858
338,5345	-9,61939328
338,5465	-15,3996856
338,5586	-17,7540118
338,5706	-9,8280462
338,5826	-10,6516444
338,5946	-11,72566368
338,6066	-17,79569264
338,6186	-6,2796584
338,6306	-7,4041976
338,6426	-13,1813304
338,6547	-16,1854624
338,6667	-0,825668
338,6787	-15,8198388
338,6907	-15,8786049
338,7027	-3,8497486
338,7147	-20,010572
338,7267	-11,27065948
338,7387	-5,2559612
338,7508	-18,4894538
338,7628	-14,63031714
338,7748	-5,0865704
338,7868	-20,2789204
338,7988	-7,3553136
338,8108	-10,1751928
338,8228	-15,683564
338,8348	-6,2707168
338,8468	-17,832156
338,8589	-5,9447318
338,8709	-8,6454002
338,8829	-8,8853626
338,8949	-12,9092962
338,9069	-10,913021
338,9189	-14,3867832
338,9309	-17,730616
338,9429	-19,37969132
338,955	-2,2797454
338,967	-14,964329
338,979	-6,170381
338,991	-0,28726592
339,003	1,3710138
339,015	-7,0924268
339,027	-5,700969
339,039	-9,1031444
339,0511	-11,2286006
339,063	0,7071412
339,0751	2,52121394
339,0871	-4,2353116
339,0991	-5,822321
339,1111	-9,1020866
339,1231	-14,311442
339,1351	-16,748656
339,1472	-20,042191
339,1591	-15,72740154
339,1712	-3,5327334
339,1832	-8,018762
339,1952	-11,3283506
339,2072	-17,1543928
339,2192	-2,6802862
339,2312	-5,67432862
339,2433	-10,3804816
339,2552	-11,56409898
339,2673	-12,5906916
339,2793	-4,7514288
339,2913	-6,9404564
339,3033	-23,314304
339,3153	-5,8973318
339,3273	-13,1700806
339,3393	-25,864634
339,3513	-8,901335
339,3634	-3,19408398
339,3754	-5,7920646
339,3874	-11,315061
339,3994	-10,3782334
339,4114	-7,9790488
339,4234	-4,1532884
339,4354	-0,24329292
339,4474	-10,7657286
339,4595	-4,1576606
339,4715	-4,1213402
339,4835	-3,041319
339,4955	-13,4895426
339,5075	-16,2120606
339,5195	-13,0337006
339,5315	-5,9129566
339,5435	-0,26097788
339,5555	-16,243658
339,5676	-6,642705
339,5796	-6,84696182
339,5916	-15,3307226
339,6036	-7,0808012
339,6156	2,19823608
339,6276	-17,18515
339,6396	0,83125688
339,6516	-20,560022
339,6637	-11,51273884
339,6757	-0,91853504
339,6877	-3,1620398
339,6997	-11,4144012
339,7117	-6,44509092
339,7237	-18,2586506
339,7357	-7,517039
339,7477	-5,2485606
339,7598	-6,19195128
339,7718	-5,5608622
339,7838	-9,0309836
339,7958	-15,01128556
339,8078	-8,28858856
339,8198	-13,53040348
339,8318	-27,809908
339,8438	-4,84286106
339,8559	-7,2364598
339,8679	-6,17701534
339,8799	-20,8318334
339,8919	-2,72212484
339,9039	-16,895882
339,9159	-24,394168
339,9279	-14,8844288
339,9399	-9,1918334
339,952	-10,34218
339,964	-19,6978914
339,976	-10,5038464
339,988	-12,084124
340	-12,2568336
340,012	-13,8485722
340,024	-9,27821568
340,036	-11,147572
340,048	-8,435323
340,0601	-13,2406114
340,0721	-12,139268
340,0841	-8,7912592
340,0961	-12,44264706
340,1081	-5,17403938
340,1201	0,90875752
340,1321	-5,3159076
340,1441	4,32366554
340,1562	-10,5829914
340,1682	-8,9657338
340,1802	-8,16793242
340,1922	-11,00260008
340,2042	-6,2901906
340,2162	-11,182678
340,2282	-8,578364
340,2402	-12,0232218
340,2523	-13,288581
340,2643	4,4087676
340,2763	-8,9113714
340,2883	-3,3206094
340,3003	-12,6880192
340,3123	-18,3407458
340,3243	-19,9187614
340,3363	-1,6257854
340,3484	5,27342684
340,3604	-3,340365
340,3724	-18,4286834
340,3844	-17,6869676
340,3964	-3,141006
340,4084	-3,031567
340,4204	-1,61962416
340,4324	-8,118649
340,4445	0,026186698
340,4565	-6,6855964
340,4685	-3,1417332
340,4805	-14,7411904
340,4925	-8,34838513
340,5045	-4,5973708
340,5165	-7,923941
340,5285	-3,2421622
340,5405	-9,469424
340,5526	-5,65201298
340,5646	-18,6158146
340,5766	-16,8775166
340,5886	0,90356182
340,6006	-7,996963
340,6126	-7,0673772
340,6246	-19,2111
340,6366	-18,7153158
340,6487	-14,8459306
340,6607	-6,6107924
340,6727	-5,9018098
340,6847	-19,516714
340,6967	-18,17041
340,7087	1,5588668
340,7207	-17,630023
340,7327	-6,35026804
340,7448	-3,34582104
340,7567	-4,7427426
340,7688	-21,911572
340,7808	-13,07802794
340,7928	-5,827023
340,8048	-13,9756338
340,8168	-16,846868
340,8288	-10,78169887
340,8409	0,38754544
340,8528	-5,9843378
340,8649	-16,41228
340,8769	-1,9326144
340,8889	-8,075327
340,9009	-12,72515
340,9129	-7,9283998
340,9249	-8,6462408
340,937	-4,1131876
340,9489	0,14018496
340,961	-13,1776624
340,973	-8,7046288
340,985	-12,8643742
340,997	-4,2914018
341,009	-12,618741
341,021	-6,2580022
341,033	-1,0144282
341,045	-2,8019477
341,0571	-17,750909
341,0691	-7,600937
341,0811	-11,7123682
341,0931	-6,4271242
341,1051	-8,6154342
341,1171	-3,60343574
341,1291	-4,78150607
341,1411	-14,0957604
341,1532	-7,2036318
341,1652	-14,2737892
341,1772	-16,7124802
341,1892	-16,344361
341,2012	-6,9240758
341,2132	-3,74871906
341,2252	-12,5159864
341,2372	-9,3092072
341,2492	-8,7952534
341,2613	-2,4848488
341,2733	-8,432889
341,2853	3,027486
341,2973	-22,78834018
341,3093	-10,7750282
341,3213	-14,58836966
341,3333	-4,6722362
341,3453	-2,8497476
341,3574	-26,805924
341,3694	-14,039398
341,3814	-20,3297044
341,3934	-5,5341128
341,4054	-5,06072596
341,4174	-13,76231714
341,4294	-4,85635
341,4414	-13,1298594
341,4535	-4,0245966
341,4655	-16,2048964
341,4775	-2,4046802
341,4895	-14,7681106
341,5015	-16,5385912
341,5135	6,0154858
341,5255	-16,79953
341,5375	-12,9135172
341,5496	-1,32968106
341,5616	-3,3478172
341,5736	-14,714471
341,5856	-13,025507
341,5976	-8,1239278
341,6096	-9,078841
341,6216	3,2236186
341,6336	-9,1174094
341,6457	-7,3141599
341,6577	-6,34164298
341,6697	-1,7272091
341,6817	-6,42961074
341,6937	-11,5042018
341,7057	-17,179281
341,7177	-9,4313384
341,7297	-4,8367569
341,7417	-9,3079282
341,7538	-8,921928
341,7658	-20,135126
341,7778	-1,2443468
341,7898	-3,98969406
341,8018	-16,0090498
341,8138	-13,6156628
341,8258	-14,467468
341,8378	7,729553
341,8499	-3,5507582
341,8618	-2,6302072
341,8739	-6,4972166
341,8859	-19,505426
341,8979	-9,3528724
341,9099	-10,91249
341,9219	-15,3264618
341,9339	-13,9195976
341,946	-24,390866
341,9579	2,98539006
341,97	-13,3275246
341,982	-10,7510582
341,994	-12,5565978
342,006	-10,21991
342,018	-10,3675412
342,03	-17,1582032
342,0421	-10,5868888
342,054	5,3662112
342,0661	-8,07613156
342,0781	-17,18188
342,0901	-0,70367262
342,1021	-13,6708322
342,1141	-3,9885992
342,1261	1,7506852
342,1382	-5,389863
342,1501	-4,1646894
342,1622	-8,8217848
342,1742	-12,3578032
342,1862	-8,4065714
342,1982	-6,5946826
342,2102	-3,9020172
342,2222	-11,8182192
342,2342	-2,065969
342,2462	-6,1671052
342,2583	-6,8144212
342,2703	-12,8000746
342,2823	-20,9862328
342,2943	-13,9529348
342,3063	-10,2111022
342,3183	-9,1208898
342,3303	-14,31791275
342,3423	-11,233102
342,3543	-7,01546
342,3664	3,78175306
342,3784	-8,19083502
342,3904	-10,4348596
342,4024	-4,6132676
342,4144	-12,6299058
342,4264	6,17796122
342,4384	-7,34719002
342,4504	-11,41753993
342,4625	-6,232246092
342,4745	0,43797526
342,4865	-15,3807488
342,4985	-9,4105164
342,5105	-8,5074334
342,5225	-8,6279822
342,5345	1,026849
342,5465	-8,6470628
342,5586	-22,336806
342,5706	-14,2536184
342,5826	-11,5104262
342,5946	-13,0225364
342,6066	-3,6553428
342,6186	-15,07772446
342,6306	-13,7533322
342,6426	-8,5225664
342,6547	-21,7915
342,6667	-2,5229388
342,6787	-17,712991
342,6907	-9,2977958
342,7027	-8,32179998
342,7147	-25,757042
342,7267	-9,8025876
342,7387	-2,53576674
342,7508	-16,13403952
342,7628	-18,458854
342,7748	-1,4634462
342,7868	-8,9939784
342,7988	-15,4180012
342,8108	-7,87627956
342,8228	-10,0185676
342,8348	-19,454302
342,8468	-4,4441508
342,8589	-15,48876512
342,8709	2,668998
342,8829	-9,27773728
342,8949	-9,8946988
342,9069	-10,3796138
342,9189	-14,27480314
342,9309	-12,9381358
342,9429	-10,4535194
342,955	-17,4984426
342,967	-17,6119176
342,979	-18,175784
342,991	-14,5505194
343,003	-6,110926
343,015	-13,6620512
343,027	-19,1368372
343,039	-15,4591552
343,0511	2,25334308
343,063	-3,03650144
343,0751	-21,9088096
343,0871	-8,557751
343,0991	-3,72503734
343,1111	-11,1230268
343,1231	-15,63124022
343,1351	-11,1535362
343,1472	-4,75997884
343,1591	-12,68392
343,1712	-7,92034114
343,1832	-17,2741494
343,1952	-10,6988596
343,2072	1,1006624
343,2192	-12,9223836
343,2312	-3,7414362
343,2433	-10,8081806
343,2552	-18,570264
343,2673	-9,6410948
343,2793	-13,5631697
343,2913	-11,5837164
343,3033	0,16062972
343,3153	-6,9713239
343,3273	-13,768644
343,3393	-16,2734578
343,3513	-15,7727082
343,3634	-16,04824244
343,3754	-1,2771194
343,3874	-4,06303
343,3994	-4,3972878
343,4114	-11,615644
343,4234	-14,672843
343,4354	-6,3226674
343,4474	-14,3990592
343,4595	-5,32232184
343,4715	-12,942797
343,4835	-5,4809034
343,4955	-18,7259138
343,5075	-6,468736
343,5195	-6,0014274
343,5315	-6,2268006
343,5435	-9,7636248
343,5555	-16,6045914
343,5676	-13,853234
343,5796	-9,9617814
343,5916	-9,1428032
343,6036	-0,4522432
343,6156	-15,0988061
343,6276	-16,37195
343,6396	-10,3092314
343,6516	-9,2814362
343,6637	-23,1145298
343,6757	-14,7997316
343,6877	-6,8989158
343,6997	-7,7653372
343,7117	-12,9172414
343,7237	-6,18271204
343,7357	-14,4685496
343,7477	-11,2248896
343,7598	0,69686628
343,7718	-4,1183128
343,7838	-11,0712438
343,7958	1,3509862
343,8078	-11,0174908
343,8198	-16,184832
343,8318	-8,3814042
343,8438	-5,713361748
343,8559	-12,03967634
343,8679	-3,2859598
343,8799	-16,3203192
343,8919	-6,0731978
343,9039	-8,5043292
343,9159	-6,234459
343,9279	-11,3990604
343,9399	-10,6015
343,952	5,5270896
343,964	6,67625106
343,976	-1,2350349
343,988	-2,35783428
344	-12,74742284
