332	-4,196522
332,012	-5,292518
332,024	-6,339994
332,036	-7,2512725
332,048	-7,99041075
332,0601	-8,549927
332,0721	-8,92181725
332,0841	-9,0994625
332,0961	-9,107885
332,1081	-9,02156775
332,1201	-8,936099
332,1321	-8,90607425
332,1441	-8,89971775
332,1562	-8,8121745
332,1682	-8,53328425
332,1802	-8,02245375
332,1922	-7,33847225
332,2042	-6,608151
332,2162	-5,963788075
332,2282	-5,497325625
332,2402	-5,25661325
332,2523	-5,2697255
332,2643	-5,562189
332,2763	-6,14357425
332,2883	-6,9700555
332,3003	-7,913869
332,3123	-8,7722514
332,3243	-9,3257664
332,3363	-9,423038
332,3484	-9,04868375
332,3604	-8,33782625
332,3724	-7,52750525
332,3844	-6,86445975
332,3964	-6,50765225
332,4084	-6,4690245
332,4204	-6,62329825
332,4324	-6,78480875
332,4445	-6,80998675
332,4565	-6,66669675
332,4685	-6,43340625
332,4805	-6,23762825
332,4925	-6,17942475
332,5045	-6,286952
332,5165	-6,5203785
332,5285	-6,8042335
332,5405	-7,054973
332,5526	-7,188496
332,5646	-7,120841
332,5766	-6,783703
332,5886	-6,157364
332,6006	-5,301197
332,6126	-4,360269675
332,6246	-3,541971725
332,6366	-3,067362
332,6487	-3,103715225
332,6607	-3,692403725
332,6727	-4,703796
332,6847	-5,856037
332,6967	-6,806581
332,7087	-7,27815225
332,7207	-7,15398025
332,7327	-6,495111
332,7448	-5,48097025
332,7567	-4,317928275
332,7688	-3,172668
332,7808	-2,16276275
332,7928	-1,391663
332,8048	-0,979825688
332,8168	-1,047676675
332,8288	-1,651364
332,8409	-2,72195262
332,8528	-4,06562875
332,8649	-5,4354185
332,8769	-6,6243925
332,8889	-7,512663
332,9009	-8,04446725
332,9129	-8,17798375
332,9249	-7,87561
332,937	-7,157486
332,9489	-6,1659655
332,961	-5,159959
332,973	-4,412957875
332,985	-4,07980525
332,997	-4,13415675
333,009	-4,42172275
333,021	-4,77729
333,033	-5,10741425
333,045	-5,38384725
333,0571	-5,579128
333,0691	-5,6250065
333,0811	-5,44481575
333,0931	-5,03304775
333,1051	-4,502284
333,1171	-4,04040825
333,1291	-3,8012055
333,1411	-3,81429375
333,1532	-3,9849695
333,1652	-4,1749395
333,1772	-4,28921825
333,1892	-4,3043965
333,2012	-4,24092785
333,2132	-4,13262705
333,2252	-4,032347675
333,2372	-4,03904125
333,2492	-4,298813
333,2613	-4,95138075
333,2733	-6,04219475
333,2853	-7,45669175
333,2973	-8,92834875
333,3093	-10,12810225
333,3213	-10,78957325
333,3333	-10,8015025
333,3453	-10,22184475
333,3574	-9,216917
333,3694	-7,968701
333,3814	-6,60578525
333,3934	-5,19662045
333,4054	-3,80336875
333,4174	-2,54766505
333,4294	-1,6223155
333,4414	-1,22092125
333,4535	-1,42749425
333,4655	-2,148036
333,4775	-3,137562
333,4895	-4,106566775
333,5015	-4,84238225
333,5135	-5,2844505
333,5255	-5,527231
333,5375	-5,755942
333,5496	-6,141408725
333,5616	-6,740765813
333,5736	-7,46183795
333,5856	-8,1230681
333,5976	-8,575940428
333,6096	-8,80184765
333,6216	-8,90843175
333,6336	-9,0307915
333,6457	-9,2208435
333,6577	-9,412739
333,6697	-9,48334425
333,6817	-9,35090675
333,6937	-9,0350375
333,7057	-8,64120275
333,7177	-8,29001
333,7297	-8,04391
333,7417	-7,87954175
333,7538	-7,721668
333,7658	-7,5125897
333,7778	-7,264423625
333,7898	-7,0542945
333,8018	-6,968893
333,8138	-7,04420725
333,8258	-7,24120675
333,8378	-7,460796
333,8499	-7,576371
333,8618	-7,469856
333,8739	-7,0700935
333,8859	-6,3850555
333,8979	-5,5062185
333,9099	-4,5746515
333,9219	-3,729138875
333,9339	-3,07126325
333,946	-2,66328175
333,9579	-2,543781725
333,97	-2,7353285
333,982	-3,23283075
333,994	-3,98283275
334,006	-4,8752992
334,018	-5,765647575
334,03	-6,527637295
334,0421	-7,113484413
334,054	-7,58187425
334,0661	-8,0648315
334,0781	-8,68159875
334,0901	-9,4471905
334,1021	-10,2327705
334,1141	-10,80514825
334,1261	-10,9247085
334,1382	-10,45012225
334,1501	-9,401326
334,1622	-7,9588928
334,1742	-6,4055645
334,1862	-5,032702
334,1982	-4,0445805
334,2102	-3,4992395
334,2222	-3,3154965
334,2342	-3,344227
334,2462	-3,46174525
334,2583	-3,62646575
334,2703	-3,86670075
334,2823	-4,22000025
334,2943	-4,679973
334,3063	-5,19445725
334,3183	-5,710284475
334,3303	-6,217747873
334,3423	-6,74950675
334,3543	-7,33154725
334,3664	-7,92903625
334,3784	-8,437062525
334,3904	-8,729089475
334,4024	-8,727455075
334,4144	-8,442828375
334,4264	-7,9568954
334,4384	-7,369416
334,4504	-6,7565155
334,4625	-6,17137175
334,4745	-5,67594375
334,4865	-5,35948825
334,4985	-5,306748775
334,5105	-5,5258695
334,5225	-5,89614325
334,5345	-6,1983125
334,5465	-6,230658
334,5586	-5,938396
334,5706	-5,461873
334,5826	-5,064696175
334,5946	-4,98928375
334,6066	-5,33235725
334,6186	-6,0077845
334,6306	-6,80122905
334,6426	-7,47381
334,6547	-7,86363575
334,6667	-7,94884375
334,6787	-7,851581
334,6907	-7,77888175
334,7027	-7,92280975
334,7147	-8,36787175
334,7267	-9,0532045
334,7387	-9,80356875
334,7508	-10,4041635
334,7628	-10,6798035
334,7748	-10,55004975
334,7868	-10,0473105
334,7988	-9,2946885
334,8108	-8,452062625
334,8228	-7,656848538
334,8348	-6,992569525
334,8468	-6,49768265
334,8589	-6,191396725
334,8709	-6,078381975
334,8829	-6,121135643
334,8949	-6,21235495
334,9069	-6,19344525
334,9189	-5,929703725
334,9309	-5,3990254
334,9429	-4,7300435
334,955	-4,15682975
334,967	-3,913126975
334,979	-4,1249475
334,991	-4,75587375
335,003	-5,62569175
335,015	-6,485417
335,027	-7,10842675
335,039	-7,35667875
335,0511	-7,201395275
335,063	-6,705674175
335,0751	-5,992169225
335,0871	-5,213200475
335,0991	-4,525431375
335,1111	-4,064917225
335,1231	-3,92319255
335,1351	-4,129653625
335,1472	-4,643318325
335,1591	-5,354367575
335,1712	-6,097886225
335,1832	-6,68329255
335,1952	-6,9381556
335,2072	-6,7574195
335,2192	-6,14323025
335,2312	-5,21715225
335,2433	-4,18942625
335,2552	-3,287095
335,2673	-2,671061325
335,2793	-2,3881076
335,2913	-2,38470775
335,3033	-2,5649095
335,3153	-2,84387175
335,3273	-3,163630658
335,3393	-3,48299015
335,3513	-3,778954475
335,3634	-4,0719487
335,3754	-4,44068025
335,3874	-4,985549
335,3994	-5,74961475
335,4114	-6,660152
335,4234	-7,5479415
335,4354	-8,23740875
335,4474	-8,642865
335,4595	-8,8069545
335,4715	-8,865066
335,4835	-8,96569325
335,4955	-9,191925
335,5075	-9,52050325
335,5195	-9,83670925
335,5315	-9,998562
335,5435	-9,9143425
335,5555	-9,5823605
335,5676	-9,064674
335,5796	-8,41938925
335,5916	-7,65411125
335,6036	-6,7449749
335,6156	-5,704699525
335,6276	-4,637199875
335,6396	-3,7273768
335,6516	-3,166760125
335,6637	-3,060657125
335,6757	-3,37235275
335,6877	-3,93870675
335,6997	-4,5529205
335,7117	-5,06852475
335,7237	-5,458984
335,7357	-5,7940035
335,7477	-6,15509395
335,7598	-6,5577294
335,7718	-6,93477475
335,7838	-7,18109665
335,7958	-7,215990425
335,8078	-7,021205325
335,8198	-6,643585
335,8318	-6,17725075
335,8438	-5,742662
335,8559	-5,46640525
335,8679	-5,455217725
335,8799	-5,761553925
335,8919	-6,352241925
335,9039	-7,10105275
335,9159	-7,8192165
335,9279	-8,31785075
335,9399	-8,4759635
335,952	-8,27991975
335,964	-7,81184625
335,976	-7,19286155
335,988	-6,51512875
336	-5,803037
336,012	-5,02329975
336,024	-4,1339345
336,036	-3,142446
336,048	-2,13850675
336,0601	-1,27511425
336,0721	-0,6991545
336,0841	-0,47003875
336,0961	-0,52405875
336,1081	-0,71513275
336,1201	-0,9046265
336,1321	-1,0346585
336,1441	-1,1367875
336,1562	-1,28327475
336,1682	-1,528545475
336,1802	-1,881342575
336,1922	-2,3108775
336,2042	-2,764623225
336,2162	-3,17999735
336,2282	-3,48979675
336,2402	-3,62816475
336,2523	-3,53802775
336,2643	-3,17663175
336,2763	-2,52108525
336,2883	-1,582471598
336,3003	-0,431854825
336,3123	0,777600423
336,3243	1,824151675
336,3363	2,4870395
336,3484	2,64953875
336,3604	2,370823
336,3724	1,86628255
336,3844	1,396060613
336,3964	1,130386235
336,4084	1,076661325
336,4204	1,105159825
336,4324	1,0443821
336,4445	0,785547175
336,4565	0,346302425
336,4685	-0,129622625
336,4805	-0,43504205
336,4925	-0,3967181
336,5045	0,042791978
336,5165	0,80743445
336,5285	1,744087025
336,5405	2,712220625
336,5526	3,646684925
336,5646	4,562468
336,5766	5,51787125
336,5886	6,57509925
336,6006	7,781309
336,6126	9,163576
336,6246	10,7205405
336,6366	12,40849025
336,6487	14,1390725
336,6607	15,8047
336,6727	17,32575
336,6847	18,6917575
336,6967	19,967815
336,7087	21,257945
336,7207	22,6424725
336,7327	24,1233575
336,7448	25,61178
336,7567	26,9745325
336,7688	28,12009
336,7808	29,0698325
336,7928	29,9562425
336,8048	30,9380925
336,8168	32,092355
336,8288	33,3691
336,8409	34,645205
336,8528	35,827325
336,8649	36,916315
336,8769	37,9871875
336,8889	39,11408
336,9009	40,3058
336,9129	41,4922575
336,9249	42,5532575
336,937	43,357715
336,9489	43,792875
336,961	43,7830825
336,973	43,3028225
336,985	42,38311
336,997	41,106915
337,009	39,59269
337,021	37,9677025
337,033	36,3339625
337,045	34,734105
337,0571	33,13232
337,0691	31,426355
337,0811	29,492095
337,0931	27,24011
337,1051	24,6517175
337,1171	21,7751625
337,1291	18,6921025
337,1411	15,4849335
337,1532	12,227403
337,1652	8,993774
337,1772	5,862971
337,1892	2,901039625
337,2012	0,128655575
337,2132	-2,50228975
337,2252	-5,10151
337,2372	-7,79991375
337,2492	-10,69368825
337,2613	-13,79899975
337,2733	-17,03668
337,2853	-20,251685
337,2973	-23,258895
337,3093	-25,8977525
337,3213	-28,073005
337,3333	-29,761665
337,3453	-30,9837825
337,3574	-31,76093
337,3694	-32,1000975
337,3814	-32,0212825
337,3934	-31,6063
337,4054	-31,0201375
337,4174	-30,47349
337,4294	-30,1418
337,4414	-30,09201
337,4535	-30,2648225
337,4655	-30,5243025
337,4775	-30,7472775
337,4895	-30,903575
337,5015	-31,08218
337,5135	-31,4446075
337,5255	-32,12835
337,5375	-33,1592225
337,5496	-34,431835
337,5616	-35,77168
337,5736	-37,030805
337,5856	-38,1457675
337,5976	-39,125185
337,6096	-39,998265
337,6216	-40,7817575
337,6336	-41,4895675
337,6457	-42,156435
337,6577	-42,8337375
337,6697	-43,551425
337,6817	-44,280895
337,6937	-44,9363725
337,7057	-45,4183675
337,7177	-45,67142
337,7297	-45,7211525
337,7417	-45,66735
337,7538	-45,6293975
337,7658	-45,6697125
337,7778	-45,747395
337,7898	-45,74594
337,8018	-45,5605275
337,8138	-45,1709575
337,8258	-44,633865
337,8378	-44,0061625
337,8499	-43,279105
337,8618	-42,385815
337,8739	-41,2666775
337,8859	-39,9247525
337,8979	-38,4254125
337,9099	-36,855685
337,9219	-35,29238
337,9339	-33,8073425
337,946	-32,4892225
337,9579	-31,434195
337,97	-30,684075
337,982	-30,15237
337,994	-29,6148025
338,006	-28,8029025
338,018	-27,552035
338,03	-25,90223
338,0421	-24,083105
338,054	-22,3991125
338,0661	-21,090635
338,0781	-20,243665
338,0901	-19,77992
338,1021	-19,519645
338,1141	-19,28317
338,1261	-18,981385
338,1382	-18,6468715
338,1501	-18,38813575
338,1622	-18,2987035
338,1742	-18,38296075
338,1862	-18,5441775
338,1982	-18,630765
338,2102	-18,499655
338,2222	-18,0601875
338,2342	-17,2921225
338,2462	-16,2496125
338,2583	-15,05448225
338,2703	-13,8700065
338,2823	-12,854964
338,2943	-12,11879875
338,3063	-11,7020775
338,3183	-11,58386075
338,3303	-11,69654625
338,3423	-11,93594625
338,3543	-12,17841275
338,3664	-12,3220975
338,3784	-12,34188975
338,3904	-12,3166645
338,4024	-12,392192
338,4144	-12,6891835
338,4264	-13,21604
338,4384	-13,8519845
338,4504	-14,4165375
338,4625	-14,77406
338,4745	-14,8957075
338,4865	-14,8395
338,4985	-14,6780275
338,5105	-14,4395
338,5225	-14,103845
338,5345	-13,6417875
338,5465	-13,0539825
338,5586	-12,379745
338,5706	-11,6776015
338,5826	-11,000254
338,5946	-10,38366375
338,6066	-9,85389125
338,6186	-9,4404325
338,6306	-9,1808525
338,6426	-9,109415
338,6547	-9,2358285
338,6667	-9,5289815
338,6787	-9,91886775
338,6907	-10,3180855
338,7027	-10,6499005
338,7147	-10,8644205
338,7267	-10,9351575
338,7387	-10,84745925
338,7508	-10,59860725
338,7628	-10,21488625
338,7748	-9,7675035
338,7868	-9,3628925
338,7988	-9,10357025
338,8108	-9,043852
338,8228	-9,17204875
338,8348	-9,42955175
338,8468	-9,748446
338,8589	-10,0795265
338,8709	-10,3961085
338,8829	-10,67862675
338,8949	-10,89321575
338,9069	-10,976623
338,9189	-10,83864975
338,9309	-10,39122175
338,9429	-9,599927
338,955	-8,532224
338,967	-7,365128
338,979	-6,331069
338,991	-5,61890575
339,003	-5,28308125
339,015	-5,22047025
339,027	-5,239274
339,039	-5,18423525
339,0511	-5,0387915
339,063	-4,935397
339,0751	-5,0674385
339,0871	-5,562848775
339,0991	-6,398965775
339,1111	-7,402607725
339,1231	-8,32504275
339,1351	-8,94731875
339,1472	-9,165949
339,1591	-9,02197225
339,1712	-8,66269425
339,1832	-8,26090775
339,1952	-7,94122475
339,2072	-7,75350525
339,2192	-7,69463425
339,2312	-7,74750775
339,2433	-7,90664165
339,2552	-8,18181265
339,2673	-8,5861587
339,2793	-9,115397
339,2913	-9,723804175
339,3033	-10,30980733
339,3153	-10,72931875
339,3273	-10,8439215
339,3393	-10,5846525
339,3513	-9,99089025
339,3634	-9,1928005
339,3754	-8,34663
339,3874	-7,571262
339,3994	-6,931129
339,4114	-6,464232
339,4234	-6,212711
339,4354	-6,21909925
339,4474	-6,492232
339,4595	-6,9757745
339,4715	-7,546717
339,4835	-8,0491975
339,4955	-8,3524045
339,5075	-8,4090555
339,5195	-8,2802725
339,5315	-8,100446538
339,5435	-7,99421825
339,5555	-8,001268
339,5676	-8,066199
339,5796	-8,09920775
339,5916	-8,05359175
339,6036	-7,9541805
339,6156	-7,857349
339,6276	-7,78472275
339,6396	-7,69430425
339,6516	-7,51681575
339,6637	-7,2243325
339,6757	-6,86825925
339,6877	-6,5526865
339,6997	-6,36871825
339,7117	-6,347916025
339,7237	-6,46971475
339,7357	-6,70720725
339,7477	-7,06720475
339,7598	-7,59251525
339,7718	-8,324869
339,7838	-9,24985825
339,7958	-10,2556605
339,8078	-11,139338
339,8198	-11,67983375
339,8318	-11,75570925
339,8438	-11,43827875
339,8559	-10,983833
339,8679	-10,708245
339,8799	-10,81491125
339,8919	-11,28874375
339,9039	-11,923728
339,9159	-12,4550235
339,9279	-12,69745025
339,9399	-12,60364075
339,952	-12,2292215
339,964	-11,6611035
339,976	-10,9731325
339,988	-10,227328
340	-9,4924585
340,012	-8,845019
340,024	-8,344371775
340,036	-7,99999625
340,048	-7,75476625
340,0601	-7,49811975
340,0721	-7,10901225
340,0841	-6,5155185
340,0961	-5,74660575
340,1081	-4,9463985
340,1201	-4,330508
340,1321	-4,093355
340,1441	-4,311447
340,1562	-4,9011817
340,1682	-5,65997425
340,1802	-6,3629295
340,1922	-6,85145875
340,2042	-7,0677325
340,2162	-7,0406015
340,2282	-6,861432
340,2402	-6,67123275
340,2523	-6,6391445
340,2643	-6,90178985
340,2763	-7,47529095
340,2883	-8,20585775
340,3003	-8,82400375
340,3123	-9,09220625
340,3243	-8,94642125
340,3363	-8,51833625
340,3484	-8,015679
340,3604	-7,55804775
340,3724	-7,103366
340,3844	-6,51838575
340,3964	-5,7238404
340,4084	-4,7930375
340,4204	-3,935778
340,4324	-3,39226975
340,4445	-3,313353
340,4565	-3,6934055
340,4685	-4,38279575
340,4805	-5,1681815
340,4925	-5,8783318
340,5045	-6,4563995
340,5165	-6,954069
340,5285	-7,454487
340,5405	-7,987253
340,5526	-8,508072
340,5646	-8,95767725
340,5766	-9,336414
340,5886	-9,711179
340,6006	-10,1397105
340,6126	-10,58844475
340,6246	-10,93487025
340,6366	-11,061492
340,6487	-10,952788
340,6607	-10,7025975
340,6727	-10,43022625
340,6847	-10,1907515
340,6967	-9,96096625
340,7087	-9,7014425
340,7207	-9,4258165
340,7327	-9,21288575
340,7448	-9,15682775
340,7567	-9,3017725
340,7688	-9,609218
340,7808	-9,9728885
340,7928	-10,26343725
340,8048	-10,37606375
340,8168	-10,26192925
340,8288	-9,934329
340,8409	-9,45076025
340,8528	-8,88275
340,8649	-8,29088925
340,8769	-7,715834
340,8889	-7,18358575
340,9009	-6,71730875
340,9129	-6,34863625
340,9249	-6,1203865
340,937	-6,071542
340,9489	-6,20509525
340,961	-6,45906275
340,973	-6,71102225
340,985	-6,83012525
340,997	-6,754377775
341,009	-6,542227
341,021	-6,3526575
341,033	-6,35264475
341,045	-6,6080135
341,0571	-7,03676225
341,0691	-7,46501
341,0811	-7,74932485
341,0931	-7,877288625
341,1051	-7,9742315
341,1171	-8,213233
341,1291	-8,6919915
341,1411	-9,35788625
341,1532	-10,0261785
341,1652	-10,47538
341,1772	-10,557748
341,1892	-10,259063
341,2012	-9,68131475
341,2132	-8,976483
341,2252	-8,2876365
341,2372	-7,7323125
341,2492	-7,414636
341,2613	-7,425691425
341,2733	-7,81379075
341,2853	-8,55072475
341,2973	-9,53334
341,3093	-10,62407075
341,3213	-11,690545
341,3333	-12,6077545
341,3453	-13,23658125
341,3574	-13,429893
341,3694	-13,0920365
341,3814	-12,25204325
341,3934	-11,0802685
341,4054	-9,820129
341,4174	-8,6807626
341,4294	-7,766935625
341,4414	-7,085476
341,4535	-6,60380175
341,4655	-6,3051755
341,4775	-6,202785
341,4895	-6,314349
341,5015	-6,62606125
341,5135	-7,075519
341,5255	-7,56457425
341,5375	-7,9901615
341,5496	-8,270415
341,5616	-8,35289675
341,5736	-8,2124395
341,5856	-7,85494015
341,5976	-7,3298755
341,6096	-6,73606525
341,6216	-6,20587185
341,6336	-5,871730575
341,6457	-5,830355
341,6577	-6,113745
341,6697	-6,669503
341,6817	-7,36151825
341,6937	-8,00899175
341,7057	-8,460922
341,7177	-8,665042
341,7297	-8,68000525
341,7417	-8,61945575
341,7538	-8,56996325
341,7658	-8,5382425
341,7778	-8,45142425
341,7898	-8,19974475
341,8018	-7,70233825
341,8138	-6,97637325
341,8258	-6,17628725
341,8378	-5,563021725
341,8499	-5,397319875
341,8618	-5,812824698
341,8739	-6,75155575
341,8859	-7,9994595
341,8979	-9,28406025
341,9099	-10,364799
341,9219	-11,0806435
341,9339	-11,36736975
341,946	-11,26363975
341,9579	-10,897548
341,97	-10,43515775
341,982	-10,00181525
341,994	-9,62427425
342,006	-9,2398295
342,018	-8,770874
342,03	-8,20832725
342,0421	-7,63483825
342,054	-7,164934
342,0661	-6,85019625
342,0781	-6,63152975
342,0901	-6,38439075
342,1021	-6,0252841
342,1141	-5,595332625
342,1261	-5,25245025
342,1382	-5,172726975
342,1501	-5,429518125
342,1622	-5,935874
342,1742	-6,4914965
342,1862	-6,90322025
342,1982	-7,10067125
342,2102	-7,176774
342,2222	-7,33289775
342,2342	-7,76173
342,2462	-8,52988325
342,2583	-9,5211395
342,2703	-10,47300225
342,2823	-11,090189
342,2943	-11,17287
342,3063	-10,6905895
342,3183	-9,77460475
342,3303	-8,65471
342,3423	-7,584441
342,3543	-6,7775695
342,3664	-6,358018
342,3784	-6,3307305
342,3904	-6,59233225
342,4024	-6,986194
342,4144	-7,37296725
342,4264	-7,67320125
342,4384	-7,8628035
342,4504	-7,94033675
342,4625	-7,9015845
342,4745	-7,743016875
342,4865	-7,49018965
342,4985	-7,2265483
342,5105	-7,0912365
342,5225	-7,228773
342,5345	-7,709492
342,5465	-8,47376375
342,5586	-9,34911975
342,5706	-10,13830325
342,5826	-10,718295
342,5946	-11,0792215
342,6066	-11,28201075
342,6186	-11,38007575
342,6306	-11,37485525
342,6426	-11,2375225
342,6547	-10,96742475
342,6667	-10,62818875
342,6787	-10,32849775
342,6907	-10,16707425
342,7027	-10,18834425
342,7147	-10,3764165
342,7267	-10,67725275
342,7387	-11,0238275
342,7508	-11,353275
342,7628	-11,6202625
342,7748	-11,8063795
342,7868	-11,9156325
342,7988	-11,9536075
342,8108	-11,90786
342,8228	-11,7522075
342,8348	-11,476985
342,8468	-11,12139725
342,8589	-10,77946925
342,8709	-10,57104525
342,8829	-10,59409875
342,8949	-10,88569325
342,9069	-11,41136
342,9189	-12,0838945
342,9309	-12,79518825
342,9429	-13,440263
342,955	-13,92453275
342,967	-14,1628805
342,979	-14,0853765
342,991	-13,6548225
343,003	-12,889155
343,015	-11,8774365
343,027	-10,77868
343,039	-9,792775
343,0511	-9,101377
343,063	-8,80032675
343,0751	-8,864418
343,0871	-9,171954
343,0991	-9,5733895
343,1111	-9,9552125
343,1231	-10,2587955
343,1351	-10,454597
343,1472	-10,507931
343,1591	-10,37652725
343,1712	-10,04985525
343,1832	-9,597482
343,1952	-9,17336225
343,2072	-8,949256
343,2192	-9,01051875
343,2312	-9,2905535
343,2433	-9,60315475
343,2552	-9,7626715
343,2673	-9,713895
343,2793	-9,57878325
343,2913	-9,578335
343,3033	-9,87239225
343,3153	-10,4235805
343,3273	-10,98615325
343,3393	-11,24086175
343,3513	-10,99283875
343,3634	-10,298867
343,3754	-9,4375677
343,3874	-8,74736
343,3994	-8,44680725
343,4114	-8,551475275
343,4234	-8,918441675
343,4354	-9,358208
343,4474	-9,725929
343,4595	-9,9494065
343,4715	-10,01493925
343,4835	-9,95369475
343,4955	-9,84104875
343,5075	-9,7842125
343,5195	-9,87628075
343,5315	-10,1365095
343,5435	-10,48866575
343,5555	-10,809278
343,5676	-11,01765175
343,5796	-11,1374315
343,5916	-11,2789785
343,6036	-11,55582
343,6156	-11,99823
343,6276	-12,5215825
343,6396	-12,9615925
343,6516	-13,1468075
343,6637	-12,9677625
343,6757	-12,4128825
343,6877	-11,55876
343,6997	-10,52337
343,7117	-9,41380025
343,7237	-8,30683975
343,7357	-7,27376375
343,7477	-6,4157235
343,7598	-5,85896525
343,7718	-5,6953915
343,7838	-5,9129685
343,7958	-6,381316375
343,8078	-6,915529
343,8198	-7,3743075
343,8318	-7,71932625
343,8438	-7,9957567
343,8559	-8,256595
343,8679	-8,491794973
343,8799	-8,61075915
343,8919	-8,483134
343,9039	-8,00844925
343,9159	-7,1807185
343,9279	-6,1264738
343,9399	-5,10145385
343,952	-4,4325735
343,964	-4,408346
343,976	-5,15732925
343,988	-6,5807215
344	-8,38619875
