336 -7,883062
336,003 4,222192
336,006 5,81203
336,009 4,092333
336,012 4,955149
336,015 -0,348894
336,018 9,019782
336,021 -13,97492
336,024 -8,506545
336,027 9,718024
336,03 -0,3519318
336,033 8,458948
336,036 9,945082
336,039 19,35415
336,0421 13,5612
336,045 11,37673
336,048 17,39204
336,0511 12,3941
336,054 5,44624
336,0571 24,78715
336,0601 13,61145
336,063 9,349812
336,0661 19,15092
336,0691 23,98673
336,0721 13,67429
336,0751 18,80958
336,0781 16,62546
336,0811 24,73011
336,0841 27,19291
336,0871 20,34502
336,0901 27,07754
336,0931 26,03252
336,0961 22,25498
336,0991 47,10726
336,1021 52,97012
336,1051 29,92527
336,1081 27,13436
336,1111 25,13711
336,1141 18,80542
336,1171 28,26189
336,1201 47,85752
336,1231 28,71286
336,1261 38,1578
336,1291 33,48672
336,1321 28,5025
336,1351 29,4969
336,1382 42,36947
336,1411 54,38287
336,1441 38,55416
336,1472 56,51699
336,1501 43,29797
336,1532 42,83361
336,1562 58,67321
336,1591 47,86757
336,1622 52,03357
336,1652 60,64677
336,1682 59,04142
336,1712 49,32113
336,1742 54,46944
336,1772 51,13333
336,1802 70,64277
336,1832 54,98268
336,1862 82,35321
336,1892 66,96201
336,1922 63,7952
336,1952 72,58342
336,1982 68,03999
336,2012 76,90918
336,2042 79,75112
336,2072 78,79748
336,2102 79,06097
336,2132 78,75826
336,2162 80,13348
336,2192 71,15352
336,2222 68,35384
336,2252 80,25428
336,2282 79,5911
336,2312 85,0599
336,2342 84,84478
336,2372 104,2215
336,2402 96,41367
336,2433 103,994
336,2462 98,93977
336,2492 88,29548
336,2523 90,42676
336,2552 104,5463
336,2583 100,6509
336,2613 118,9526
336,2643 104,47
336,2673 111,8674
336,2703 127,6555
336,2733 114,1191
336,2763 116,1143
336,2793 114,3363
336,2823 109,3343
336,2853 110,0669
336,2883 121,4659
336,2913 131,1333
336,2943 133,6292
336,2973 127,123
336,3003 139,7761
336,3033 148,5364
336,3063 130,9223
336,3093 148,0103
336,3123 127,8122
336,3153 160,6527
336,3183 135,502
336,3213 147,0145
336,3243 160,0012
336,3273 167,2387
336,3303 144,0444
336,3333 158,2063
336,3363 154,9044
336,3393 170,5538
336,3423 183,2511
336,3453 165,1669
336,3484 162,3279
336,3513 180,2495
336,3543 178,3092
336,3574 166,1105
336,3604 177,9826
336,3634 176,8794
336,3664 195,0086
336,3694 197,2088
336,3724 187,1623
336,3754 188,3909
336,3784 191,1145
336,3814 217,7827
336,3844 204,8402
336,3874 218,68
336,3904 208,2053
336,3934 224,3398
336,3964 220,1404
336,3994 229,3202
336,4024 224,4744
336,4054 236,5952
336,4084 235,6599
336,4114 220,3942
336,4144 237,1469
336,4174 240,6353
336,4204 244,796
336,4234 251,8693
336,4264 253,3703
336,4294 256,4226
336,4324 261,3456
336,4354 269,9584
336,4384 264,3158
336,4414 266,2209
336,4445 284,0578
336,4474 273,6687
336,4504 272,6387
336,4535 286,8311
336,4565 295,9009
336,4595 280,0157
336,4625 281,69
336,4655 273,4073
336,4685 301,5597
336,4715 309,9013
336,4745 318,7383
336,4775 314,8276
336,4805 309,1811
336,4835 325,5258
336,4865 341,6262
336,4895 326,463
336,4925 336,7383
336,4955 346,2877
336,4985 334,4143
336,5015 340,188
336,5045 360,671
336,5075 346,4956
336,5105 360,1361
336,5135 381,3745
336,5165 379,8487
336,5195 373,1368
336,5225 374,1211
336,5255 384,6501
336,5285 389,5252
336,5315 390,4074
336,5345 386,103
336,5375 399,8836
336,5405 409,7681
336,5435 415,7688
336,5465 426,1362
336,5496 443,4887
336,5526 444,736
336,5555 445,3952
336,5586 440,8713
336,5616 458,796
336,5646 448,3583
336,5676 466,1195
336,5706 468,3918
336,5736 470,5065
336,5766 495,2296
336,5796 498,0789
336,5826 493,1771
336,5856 500,9297
336,5886 498,2617
336,5916 508,364
336,5946 515,3
336,5976 528,739
336,6006 530,0817
336,6036 536,4186
336,6066 549,1431
336,6096 550,5679
336,6126 541,2222
336,6156 562,4556
336,6186 593,0864
336,6216 583,8732
336,6246 592,9164
336,6276 588,9113
336,6306 607,7267
336,6336 602,3519
336,6366 615,9308
336,6396 634,4612
336,6426 644,2697
336,6457 640,9169
336,6487 647,231
336,6516 661,8198
336,6547 673,7261
336,6577 673,1207
336,6607 692,3167
336,6637 687,2181
336,6667 699,9175
336,6697 709,7925
336,6727 738,7257
336,6757 725,0674
336,6787 737,0148
336,6817 756,169
336,6847 744,4124
336,6877 772,8833
336,6907 775,5337
336,6937 783,7471
336,6967 792,356
336,6997 802,5414
336,7027 825,8378
336,7057 820,2491
336,7087 832,5146
336,7117 861,8658
336,7147 868,2109
336,7177 879,4863
336,7207 895,4044
336,7237 907,9771
336,7267 916,3335
336,7297 931,6387
336,7327 944,4306
336,7357 935,873
336,7387 970,04
336,7417 981,3251
336,7448 996,4318
336,7477 1009,826
336,7508 1015,609
336,7538 1032,589
336,7567 1046,434
336,7598 1070,459
336,7628 1083,914
336,7658 1092,437
336,7688 1107,647
336,7718 1137,615
336,7748 1139,186
336,7778 1150,439
336,7808 1178,927
336,7838 1189,196
336,7868 1205,579
336,7898 1230,024
336,7928 1238,17
336,7958 1269,016
336,7988 1282,552
336,8018 1303,699
336,8048 1317,194
336,8078 1332,375
336,8108 1343,532
336,8138 1361,066
336,8168 1389,815
336,8198 1417,463
336,8228 1420,659
336,8258 1469,92
336,8288 1477,239
336,8318 1494,078
336,8348 1517,771
336,8378 1530,588
336,8409 1553,504
336,8438 1581,224
336,8468 1612,028
336,8499 1635,964
336,8528 1668,766
336,8559 1696,496
336,8589 1724,201
336,8618 1737,73
336,8649 1779,946
336,8679 1796,229
336,8709 1836,274
336,8739 1850,125
336,8769 1894,646
336,8799 1907,183
336,8829 1938,012
336,8859 1978,789
336,8889 2012,5
336,8919 2028,601
336,8949 2059,89
336,8979 2091,503
336,9009 2134,995
336,9039 2186,894
336,9069 2208,233
336,9099 2223,489
336,9129 2263,978
336,9159 2314,259
336,9189 2352,295
336,9219 2407,944
336,9249 2444,356
336,9279 2469,536
336,9309 2509,282
336,9339 2559,972
336,937 2614,467
336,9399 2644,556
336,9429 2682,713
336,946 2753,275
336,9489 2797,66
336,952 2847,072
336,955 2898,173
336,9579 2961,213
336,961 2996,35
336,964 3067,146
336,967 3105,14
336,97 3174,219
336,973 3219,345
336,976 3287,503
336,979 3348,491
336,982 3417,835
336,985 3481,558
336,988 3536,318
336,991 3605,192
336,994 3657,464
336,997 3749,601
337 3824,975
337,003 3889,234
337,006 3962,325
337,009 4056,067
337,012 4125,345
337,015 4201,007
337,018 4294,757
337,021 4372,083
337,024 4461,412
337,027 4548,17
337,03 4634,829
337,033 4735,566
337,036 4829,293
337,039 4928,599
337,0421 5026,083
337,045 5136,321
337,048 5251,835
337,0511 5354,722
337,054 5458,702
337,0571 5620,274
337,0601 5735,345
337,063 5832,544
337,0661 5958,713
337,0691 6100,091
337,0721 6244,975
337,0751 6355,603
337,0781 6489,284
337,0811 6628,351
337,0841 6793,051
337,0871 6920,113
337,0901 7096,407
337,0931 7294,831
337,0961 7449,211
337,0991 7610,853
337,1021 7833,859
337,1051 7988,16
337,1081 8171,901
337,1111 8373,96
337,1141 8581,925
337,1171 8793,913
337,1201 9020,561
337,1231 9279,593
337,1261 9476,665
337,1291 9773,846
337,1321 9998,441
337,1351 10216,45
337,1382 10489,04
337,1411 10747,16
337,1441 11044,81
337,1472 11324,07
337,1501 11626,87
337,1532 11925,85
337,1562 12262,26
337,1591 12555,22
337,1622 12858,56
337,1652 13271,16
337,1682 13605,52
337,1712 14036,73
337,1742 14470,5
337,1772 14933,69
337,1802 15287,75
337,1832 15788,77
337,1862 16230,61
337,1892 16768,8
337,1922 17273,04
337,1952 17838,32
337,1982 18286,71
337,2012 18909,6
337,2042 19588,17
337,2072 20119,85
337,2102 20775,56
337,2132 21497,13
337,2162 22107,12
337,2192 22803,52
337,2222 23478,48
337,2252 24117,75
337,2282 25047,2
337,2312 25920,78
337,2342 26632
337,2372 27469,22
337,2402 28255,8
337,2433 29231,82
337,2462 30265,85
337,2492 31293,37
337,2523 32336,41
337,2552 33059,61
337,2583 34222,97
337,2613 35044,54
337,2643 36046,79
337,2673 37210,82
337,2703 38229,34
337,2733 39278,39
337,2763 40263,14
337,2793 41168,33
337,2823 42090,65
337,2853 42911,86
337,2883 43695,91
337,2913 44628,98
337,2943 45505,37
337,2973 46257,43
337,3003 47219,77
337,3033 47906,23
337,3063 48569,54
337,3093 49376,95
337,3123 49980,95
337,3153 50761,62
337,3183 51438,1
337,3213 51963,62
337,3243 52592,5
337,3273 53169,86
337,3303 53814,74
337,3333 54342,85
337,3363 54895,46
337,3393 55394,01
337,3423 55862,57
337,3453 56388,05
337,3484 56741,66
337,3513 57184,24
337,3543 57581,53
337,3574 57927,05
337,3604 58241,01
337,3634 58589,42
337,3664 58820,58
337,3694 58985,81
337,3724 59170,88
337,3754 59218,96
337,3784 59156,81
337,3814 59140,19
337,3844 58984,78
337,3874 58782,91
337,3904 58607,7
337,3934 58224,96
337,3964 57834,5
337,3994 57441,54
337,4024 56909,48
337,4054 56331,97
337,4084 55767,79
337,4114 55021,97
337,4144 54388,48
337,4174 53730,24
337,4204 53063,45
337,4234 52390,15
337,4264 51584,14
337,4294 50849,18
337,4324 49931,9
337,4354 49167,23
337,4384 48238,1
337,4414 47170,87
337,4445 46192
337,4474 45138,83
337,4504 43864,7
337,4535 42711,88
337,4565 41807,72
337,4595 40699,87
337,4625 39658,81
337,4655 38556,24
337,4685 37390
337,4715 36370,13
337,4745 35185,94
337,4775 33756,57
337,4805 32760,97
337,4835 31487,77
337,4865 30315,95
337,4895 29008,55
337,4925 27560,18
337,4955 26249,33
337,4985 25004,62
337,5015 23690,39
337,5045 22470,45
337,5075 21275,22
337,5105 20002,91
337,5135 18874,59
337,5165 17529,27
337,5195 16418,03
337,5225 15339,72
337,5255 14058,71
337,5285 12782,49
337,5315 11783,51
337,5345 10624,38
337,5375 8997,497
337,5405 7818,586
337,5435 6615,458
337,5465 5012,799
337,5496 3693,397
337,5526 2362,557
337,5555 914,2241
337,5586 -678,21
337,5616 -2027,409
337,5646 -3669,945
337,5676 -5246,623
337,5706 -6897,679
337,5736 -8462,221
337,5766 -9970,575
337,5796 -11723,38
337,5826 -12861,93
337,5856 -14401,73
337,5886 -15715,82
337,5916 -16980,44
337,5946 -17932,46
337,5976 -19334,28
337,6006 -20307,29
337,6036 -21262,74
337,6066 -22443,72
337,6096 -23634,36
337,6126 -24967,81
337,6156 -26022,65
337,6186 -27534,96
337,6216 -28968,49
337,6246 -30318,12
337,6276 -31761,06
337,6306 -33204,67
337,6336 -34658,49
337,6366 -35939,13
337,6396 -37322,59
337,6426 -38858,98
337,6457 -40211,33
337,6487 -41441,54
337,6516 -42850,98
337,6547 -44198,29
337,6577 -45170,88
337,6607 -46306,68
337,6637 -47328,43
337,6667 -48530,64
337,6697 -49397,09
337,6727 -50311,46
337,6757 -51218,5
337,6787 -51978,03
337,6817 -52896,84
337,6847 -53705,23
337,6877 -54535,02
337,6907 -55164,17
337,6937 -55708,31
337,6967 -56315,96
337,6997 -56986,78
337,7027 -57310,53
337,7057 -57651,6
337,7087 -57940,37
337,7117 -58102,38
337,7147 -58249,06
337,7177 -58362,85
337,7207 -58348,57
337,7237 -58280,47
337,7267 -58165,53
337,7297 -58028,16
337,7327 -57781,82
337,7357 -57547,46
337,7387 -57338,62
337,7417 -56999,06
337,7448 -56623,2
337,7477 -56345,04
337,7508 -55942,07
337,7538 -55591,97
337,7567 -55242,9
337,7598 -54664,68
337,7628 -54282,51
337,7658 -53856,66
337,7688 -53394,64
337,7718 -52930,91
337,7748 -52495,25
337,7778 -51998,37
337,7808 -51447,45
337,7838 -50944,12
337,7868 -50376,23
337,7898 -49723,19
337,7928 -49245,71
337,7958 -48621,88
337,7988 -47826,58
337,8018 -47101,29
337,8048 -46474,88
337,8078 -45800,28
337,8108 -45049,43
337,8138 -44414,66
337,8168 -43571,01
337,8198 -42806,68
337,8228 -42093,47
337,8258 -41296,64
337,8288 -40365,91
337,8318 -39605,75
337,8348 -38712,79
337,8378 -37971,25
337,8409 -37134,38
337,8438 -36383,46
337,8468 -35481,39
337,8499 -34716,28
337,8528 -33854,62
337,8559 -33049,03
337,8589 -32230
337,8618 -31534,25
337,8649 -30578,29
337,8679 -29803,36
337,8709 -29184,55
337,8739 -28370,67
337,8769 -27565,53
337,8799 -26953,96
337,8829 -26287,7
337,8859 -25634,12
337,8889 -24927,19
337,8919 -24300,23
337,8949 -23531,88
337,8979 -22961,8
337,9009 -22331,11
337,9039 -21756,01
337,9069 -21159,43
337,9099 -20678,35
337,9129 -20048,15
337,9159 -19552,15
337,9189 -19015,13
337,9219 -18568,43
337,9249 -18057,42
337,9279 -17530,47
337,9309 -17107,63
337,9339 -16674,98
337,937 -16259
337,9399 -15850,83
337,9429 -15471,37
337,946 -15047,39
337,9489 -14674,04
337,952 -14329,78
337,955 -13959,84
337,9579 -13616,35
337,961 -13240,27
337,964 -12948,27
337,967 -12610,87
337,97 -12300,22
337,973 -11961,85
337,976 -11672,06
337,979 -11426,25
337,982 -11172,24
337,985 -10915,21
337,988 -10706,97
337,991 -10437,87
337,994 -10169,33
337,997 -9954,045
338 -9677,635
338,003 -9507,765
338,006 -9323,087
338,009 -9092,51
338,012 -8898,244
338,015 -8704,187
338,018 -8512,814
338,021 -8330,848
338,024 -8094,967
338,027 -7924,14
338,03 -7760,309
338,033 -7622,007
338,036 -7453,921
338,039 -7288,997
338,0421 -7178,271
338,045 -6980,008
338,048 -6834,834
338,0511 -6713,335
338,054 -6575,084
338,0571 -6436,591
338,0601 -6344,585
338,063 -6207,471
338,0661 -6095,906
338,0691 -5985,967
338,0721 -5883,738
338,0751 -5753,902
338,0781 -5667,963
338,0811 -5564,177
338,0841 -5442,583
338,0871 -5354,489
338,0901 -5229,467
338,0931 -5158,36
338,0961 -5070,251
338,0991 -4969,275
338,1021 -4854,47
338,1051 -4776,131
338,1081 -4702,175
338,1111 -4637,694
338,1141 -4565,297
338,1171 -4480,752
338,1201 -4371,446
338,1231 -4285,044
338,1261 -4224,87
338,1291 -4158,837
338,1321 -4092,038
338,1351 -4019,367
338,1382 -3951,233
338,1411 -3894,863
338,1441 -3842,827
338,1472 -3769,973
338,1501 -3692,36
338,1532 -3637,34
338,1562 -3579,043
338,1591 -3557,485
338,1622 -3487,398
338,1652 -3417,029
338,1682 -3372,315
338,1712 -3327,723
338,1742 -3275,463
338,1772 -3219,632
338,1802 -3185,922
338,1832 -3127,931
338,1862 -3067,096
338,1892 -3038,32
338,1922 -2965,264
338,1952 -2939,525
338,1982 -2872,09
338,2012 -2844,099
338,2042 -2791,195
338,2072 -2777,194
338,2102 -2740,248
338,2132 -2672,449
338,2162 -2656,475
338,2192 -2613,654
338,2222 -2579,5
338,2252 -2546,249
338,2282 -2508,508
338,2312 -2474,127
338,2342 -2434,965
338,2372 -2409,4
338,2402 -2361,353
338,2433 -2335,341
338,2462 -2306,54
338,2492 -2281,256
338,2523 -2254,488
338,2552 -2219,002
338,2583 -2196,263
338,2613 -2163,102
338,2643 -2149,498
338,2673 -2117,783
338,2703 -2094,908
338,2733 -2068,934
338,2763 -2036,76
338,2793 -2020,005
338,2823 -1994,184
338,2853 -1952,906
338,2883 -1938,078
338,2913 -1921,551
338,2943 -1893,035
338,2973 -1866,599
338,3003 -1848,947
338,3033 -1825,554
338,3063 -1809,809
338,3093 -1787,381
338,3123 -1768,295
338,3153 -1727,785
338,3183 -1720,067
338,3213 -1707,02
338,3243 -1692,418
338,3273 -1657,445
338,3303 -1640,202
338,3333 -1624,984
338,3363 -1607,304
338,3393 -1595,282
338,3423 -1583,786
338,3453 -1569,28
338,3484 -1543,807
338,3513 -1526,692
338,3543 -1515,915
338,3574 -1504,595
338,3604 -1482,048
338,3634 -1444,504
338,3664 -1457,249
338,3694 -1447,221
338,3724 -1429,378
338,3754 -1410,242
338,3784 -1390,174
338,3814 -1373,65
338,3844 -1363,811
338,3874 -1349,371
338,3904 -1334,941
338,3934 -1320,058
338,3964 -1310,354
338,3994 -1299,365
338,4024 -1277,243
338,4054 -1276,481
338,4084 -1262,183
338,4114 -1249,64
338,4144 -1246,996
338,4174 -1221,547
338,4204 -1219,556
338,4234 -1206,321
338,4264 -1182,513
338,4294 -1173,784
338,4324 -1168,448
338,4354 -1161,107
338,4384 -1151,057
338,4414 -1133,834
338,4445 -1136,048
338,4474 -1119,355
338,4504 -1111,154
338,4535 -1101,471
338,4565 -1108,237
338,4595 -1067,564
338,4625 -1066,425
338,4655 -1055,017
338,4685 -1051,704
338,4715 -1043,133
338,4745 -1043,697
338,4775 -1027,785
338,4805 -1023,569
338,4835 -1006,568
338,4865 -989,6794
338,4895 -981,7061
338,4925 -978,8121
338,4955 -983,8469
338,4985 -976,0547
338,5015 -958,0652
338,5045 -947,1053
338,5075 -937,7966
338,5105 -940,4746
338,5135 -926,5483
338,5165 -928,0154
338,5195 -913,4538
338,5225 -916,3768
338,5255 -907,765
338,5285 -902,1398
338,5315 -874,1605
338,5345 -869,6788
338,5375 -861,8549
338,5405 -858,5094
338,5435 -857,0161
338,5465 -835,1266
338,5496 -834,2222
338,5526 -818,0219
338,5555 -825,1852
338,5586 -834,6951
338,5616 -835,4104
338,5646 -814,0825
338,5676 -797,6183
338,5706 -798,5873
338,5736 -792,4906
338,5766 -780,272
338,5796 -775,3857
338,5826 -784,0282
338,5856 -771,6194
338,5886 -770,8478
338,5916 -761,0886
338,5946 -754,1513
338,5976 -756,8752
338,6006 -732,0659
338,6036 -746,9478
338,6066 -763,0756
338,6096 -731,8866
338,6126 -732,7069
338,6156 -706,372
338,6186 -716,1027
338,6216 -715,8569
338,6246 -719,3952
338,6276 -695,8834
338,6306 -688,7736
338,6336 -689,7552
338,6366 -697,2451
338,6396 -681,0125
338,6426 -676,6008
338,6457 -669,1971
338,6487 -674,6352
338,6516 -673,4894
338,6547 -664,3145
338,6577 -650,736
338,6607 -656,8918
338,6637 -646,4937
338,6667 -650,9321
338,6697 -628,7415
338,6727 -632,6409
338,6757 -633,7991
338,6787 -624,6083
338,6817 -624,7454
338,6847 -626,98
338,6877 -603,1964
338,6907 -618,8253
338,6937 -612,7382
338,6967 -614,3785
338,6997 -602,1831
338,7027 -601,9905
338,7057 -595,9204
338,7087 -592,63
338,7117 -594,1185
338,7147 -585,1281
338,7177 -585,9434
338,7207 -578,6238
338,7237 -575,4901
338,7267 -560,2181
338,7297 -569,2794
338,7327 -564,4131
338,7357 -568,6996
338,7387 -562,3114
338,7417 -558,0114
338,7448 -551,1887
338,7477 -553,088
338,7508 -543,1229
338,7538 -543,9713
338,7567 -548,5004
338,7598 -536,4847
338,7628 -538,0388
338,7658 -538,6628
338,7688 -529,3286
338,7718 -515,5132
338,7748 -519,2963
338,7778 -518,9507
338,7808 -521,1318
338,7838 -520,5134
338,7868 -519,3245
338,7898 -516,9046
338,7928 -509,352
338,7958 -507,478
338,7988 -506,4397
338,8018 -501,8342
338,8048 -495,7186
338,8078 -500,9042
338,8108 -501,5752
338,8138 -489,0452
338,8168 -493,6352
338,8198 -494,168
338,8228 -478,4865
338,8258 -481,0737
338,8288 -486,8815
338,8318 -466,2491
338,8348 -484,4995
338,8378 -480,455
338,8409 -471,5868
338,8438 -466,6181
338,8468 -469,8598
338,8499 -453,7427
338,8528 -463,5296
338,8559 -471,4212
338,8589 -455,2349
338,8618 -455,3044
338,8649 -441,7581
338,8679 -463,0305
338,8709 -446,4294
338,8739 -442,6336
338,8769 -452,8209
338,8799 -448,5295
338,8829 -445,3488
338,8859 -431,5174
338,8889 -434,5135
338,8919 -443,5779
338,8949 -443,457
338,8979 -443,764
338,9009 -431,7756
338,9039 -435,084
338,9069 -438,6957
338,9099 -422,6121
338,9129 -422,9248
338,9159 -405,5281
338,9189 -422,899
338,9219 -425,1094
338,9249 -421,0297
338,9279 -418,3463
338,9309 -407,7141
338,9339 -419,2296
338,937 -418,3394
338,9399 -396,1816
338,9429 -409,3878
338,946 -410,4119
338,9489 -414,395
338,952 -402,8068
338,955 -400,4593
338,9579 -409,0752
338,961 -404,2246
338,964 -382,1107
338,967 -394,2663
338,97 -384,3845
338,973 -390,6073
338,976 -372,5747
338,979 -391,729
338,982 -386,6295
338,985 -380,3758
338,988 -392,9291
338,991 -369,8934
338,994 -384,2711
338,997 -376,088
339 -367,3426