336 3,118324
336,003 16,88168
336,006 -3,689637
336,009 6,216513
336,012 15,48013
336,015 28,05415
336,018 -2,569321
336,021 4,355646
336,024 8,147541
336,027 -7,158428
336,03 -4,012743
336,033 10,54572
336,036 2,176168
336,039 10,557
336,0421 3,641841
336,045 13,97051
336,048 7,87502
336,0511 12,34484
336,054 -4,45032
336,0571 14,22564
336,0601 7,525969
336,063 16,61671
336,0661 12,1
336,0691 22,44669
336,0721 20,34851
336,0751 -8,722172
336,0781 16,24856
336,0811 15,38798
336,0841 18,83596
336,0871 16,56021
336,0901 14,77483
336,0931 9,322673
336,0961 2,191314
336,0991 -0,3293862
336,1021 21,34841
336,1051 34,43507
336,1081 27,57042
336,1111 14,1549
336,1141 25,97945
336,1171 27,01333
336,1201 6,871563
336,1231 30,14561
336,1261 25,0901
336,1291 11,82117
336,1321 27,51791
336,1351 36,40765
336,1382 20,48222
336,1411 26,45417
336,1441 27,44438
336,1472 28,38273
336,1501 29,30295
336,1532 40,79557
336,1562 26,6938
336,1591 16,30501
336,1622 30,93105
336,1652 15,36975
336,1682 35,9539
336,1712 30,12305
336,1742 25,95567
336,1772 21,95286
336,1802 29,96467
336,1832 41,20024
336,1862 32,19742
336,1892 39,04662
336,1922 45,67837
336,1952 36,0204
336,1982 38,70188
336,2012 53,28245
336,2042 31,34585
336,2072 38,78731
336,2102 47,04997
336,2132 37,28786
336,2162 48,54486
336,2192 56,61858
336,2222 54,13369
336,2252 58,34657
336,2282 52,04524
336,2312 47,72866
336,2342 53,19239
336,2372 65,16809
336,2402 52,68335
336,2433 60,21341
336,2462 59,68794
336,2492 65,25254
336,2523 55,24644
336,2552 46,83015
336,2583 61,66913
336,2613 52,50199
336,2643 65,35822
336,2673 66,1407
336,2703 75,75098
336,2733 58,30846
336,2763 62,1243
336,2793 57,93895
336,2823 61,76889
336,2853 76,507
336,2883 69,89208
336,2913 72,4381
336,2943 84,74414
336,2973 79,42654
336,3003 79,86369
336,3033 87,21284
336,3063 87,35712
336,3093 73,6144
336,3123 91,89097
336,3153 93,86753
336,3183 67,72813
336,3213 68,7523
336,3243 113,4059
336,3273 105,482
336,3303 79,78355
336,3333 92,61853
336,3363 91,04172
336,3393 86,1242
336,3423 96,95941
336,3453 79,06915
336,3484 95,24137
336,3513 87,84423
336,3543 94,35632
336,3574 96,50507
336,3604 86,57311
336,3634 84,02996
336,3664 103,1953
336,3694 104,0691
336,3724 92,64352
336,3754 104,4128
336,3784 120,7978
336,3814 111,0268
336,3844 104,5172
336,3874 112,5432
336,3904 114,6296
336,3934 128,5959
336,3964 124,379
336,3994 126,7305
336,4024 125,2961
336,4054 120,579
336,4084 127,8463
336,4114 127,0079
336,4144 112,5398
336,4174 135,8252
336,4204 141,6786
336,4234 137,1264
336,4264 141,065
336,4294 135,1425
336,4324 135,5371
336,4354 143,1886
336,4384 156,752
336,4414 130,5967
336,4445 156,5782
336,4474 150,4225
336,4504 140,2947
336,4535 168,9832
336,4565 161,2107
336,4595 164,3241
336,4625 153,5355
336,4655 153,2267
336,4685 174,2561
336,4715 173,0888
336,4745 174,2496
336,4775 173,5758
336,4805 180,7442
336,4835 169,4042
336,4865 178,0723
336,4895 167,0724
336,4925 183,1527
336,4955 182,2206
336,4985 190,5261
336,5015 189,4831
336,5045 202,5899
336,5075 197,1347
336,5105 208,5378
336,5135 198,875
336,5165 206,0297
336,5195 204,6113
336,5225 211,5639
336,5255 220,5598
336,5285 211,1237
336,5315 214,0313
336,5345 198,5512
336,5375 230,1751
336,5405 221,5627
336,5435 226,8746
336,5465 220,3671
336,5496 241,2119
336,5526 227,985
336,5555 240,473
336,5586 238,6647
336,5616 233,488
336,5646 251,4938
336,5676 267,6895
336,5706 266,5459
336,5736 261,079
336,5766 266,8675
336,5796 273,5476
336,5826 259,8409
336,5856 272,4265
336,5886 278,9235
336,5916 262,4795
336,5946 265,4049
336,5976 296,9931
336,6006 288,4027
336,6036 296,9947
336,6066 325,1257
336,6096 287,8431
336,6126 299,4578
336,6156 305,4585
336,6186 310,9095
336,6216 333,9698
336,6246 312,9335
336,6276 315,8517
336,6306 336,028
336,6336 337,2733
336,6366 345,9091
336,6396 351,0712
336,6426 361,0285
336,6457 348,2908
336,6487 356,9618
336,6516 348,9373
336,6547 364,2089
336,6577 345,9825
336,6607 374,809
336,6637 383,1187
336,6667 383,4891
336,6697 382,9111
336,6727 384,2781
336,6757 391,9415
336,6787 406,9054
336,6817 407,7375
336,6847 428,6084
336,6877 411,6986
336,6907 423,2967
336,6937 424,6367
336,6967 450,4174
336,6997 444,0688
336,7027 440,2645
336,7057 454,0107
336,7087 470,0937
336,7117 452,8309
336,7147 473,6674
336,7177 470,2393
336,7207 484,5116
336,7237 474,1007
336,7267 494,9229
336,7297 497,3441
336,7327 503,3356
336,7357 506,4885
336,7387 518,0676
336,7417 522,0137
336,7448 553,4286
336,7477 534,9986
336,7508 550,8303
336,7538 549,6925
336,7567 551,3221
336,7598 563,7206
336,7628 591,7563
336,7658 579,5593
336,7688 578,2028
336,7718 589,8391
336,7748 589,5872
336,7778 604,5153
336,7808 622,2586
336,7838 628,9114
336,7868 639,665
336,7898 656,1605
336,7928 676,7197
336,7958 664,8912
336,7988 676,4909
336,8018 689,0587
336,8048 679,4405
336,8078 698,5548
336,8108 713,8612
336,8138 723,1528
336,8168 725,5561
336,8198 739,9066
336,8228 744,8279
336,8258 745,1051
336,8288 773,1489
336,8318 778,543
336,8348 780,8874
336,8378 805,4055
336,8409 808,2479
336,8438 813,7326
336,8468 834,0556
336,8499 850,1306
336,8528 859,2792
336,8559 879,1518
336,8589 880,3889
336,8618 905,7076
336,8649 911,2939
336,8679 918,597
336,8709 921,9103
336,8739 953,3519
336,8769 954,6312
336,8799 982,9139
336,8829 986,4071
336,8859 989,0153
336,8889 1010,562
336,8919 1020,007
336,8949 1062,284
336,8979 1062,249
336,9009 1074,231
336,9039 1114,699
336,9069 1108,338
336,9099 1131,943
336,9129 1158,382
336,9159 1160,006
336,9189 1185,695
336,9219 1215,181
336,9249 1220,613
336,9279 1227,046
336,9309 1256,2
336,9339 1281,193
336,937 1303,153
336,9399 1320,471
336,9429 1347,434
336,946 1365,622
336,9489 1407,564
336,952 1424,508
336,955 1435,116
336,9579 1467,864
336,961 1468,534
336,964 1506,755
336,967 1532,178
336,97 1555,448
336,973 1579,856
336,976 1597,975
336,979 1635,986
336,982 1660,957
336,985 1684,985
336,988 1710,415
336,991 1752,202
336,994 1775,577
336,997 1799,314
337 1827,233
337,003 1858,391
337,006 1882,158
337,009 1928,115
337,012 1959,778
337,015 1991,227
337,018 2025,536
337,021 2072,013
337,024 2111,819
337,027 2152,701
337,03 2183,064
337,033 2219,259
337,036 2257,081
337,039 2298,958
337,0421 2342,626
337,045 2387,914
337,048 2443,259
337,0511 2492,007
337,054 2528,439
337,0571 2580,512
337,0601 2621,9
337,063 2664,631
337,0661 2728,172
337,0691 2777,462
337,0721 2846,331
337,0751 2909,954
337,0781 2964,673
337,0811 3009,275
337,0841 3092,624
337,0871 3167,33
337,0901 3216,534
337,0931 3281,052
337,0961 3348,089
337,0991 3409,368
337,1021 3502,053
337,1051 3567,208
337,1081 3658,463
337,1111 3701,913
337,1141 3789,136
337,1171 3868,132
337,1201 3956,886
337,1231 4044,667
337,1261 4132,967
337,1291 4213,223
337,1321 4297,651
337,1351 4404,14
337,1382 4510,653
337,1411 4587,135
337,1441 4710,499
337,1472 4817,116
337,1501 4933,543
337,1532 5042,156
337,1562 5150,103
337,1591 5270,956
337,1622 5394,406
337,1652 5532,079
337,1682 5668,162
337,1712 5803,116
337,1742 5958,675
337,1772 6119,678
337,1802 6225,629
337,1832 6407,116
337,1862 6584,684
337,1892 6753,725
337,1922 6927,215
337,1952 7104,344
337,1982 7298,449
337,2012 7497,912
337,2042 7691,299
337,2072 7888,827
337,2102 8127,417
337,2132 8316,358
337,2162 8557,224
337,2192 8774,958
337,2222 9068,499
337,2252 9308,738
337,2282 9598,28
337,2312 9892,803
337,2342 10110,1
337,2372 10392,32
337,2402 10706,87
337,2433 10996,66
337,2462 11308,53
337,2492 11716,43
337,2523 12009,24
337,2552 12382,72
337,2583 12719,43
337,2613 13147,21
337,2643 13558,68
337,2673 13976,44
337,2703 14437,45
337,2733 14957,62
337,2763 15402,55
337,2793 15842,04
337,2823 16388,7
337,2853 16932,27
337,2883 17510,66
337,2913 18113,55
337,2943 18618,71
337,2973 19365,32
337,3003 20025,36
337,3033 20610,23
337,3063 21285,52
337,3093 22039,34
337,3123 22618,14
337,3153 23524,39
337,3183 24428,85
337,3213 25215,75
337,3243 26129,17
337,3273 27006,04
337,3303 27907,12
337,3333 28854,86
337,3363 30064,59
337,3393 31228,27
337,3423 32289,9
337,3453 33289,57
337,3484 34309,81
337,3513 35628,04
337,3543 36568,09
337,3574 37900,58
337,3604 38932,13
337,3634 40241,96
337,3664 41368,82
337,3694 42241,2
337,3724 43205,71
337,3754 44189,21
337,3784 45089,72
337,3814 45913,41
337,3844 46844,18
337,3874 47858,64
337,3904 48584,14
337,3934 49336,89
337,3964 50093,18
337,3994 50746,9
337,4024 51478,66
337,4054 52032,31
337,4084 52604,26
337,4114 53078,22
337,4144 53533,23
337,4174 54000,91
337,4204 54375,5
337,4234 54596,21
337,4264 54848,69
337,4294 55075,99
337,4324 55033,99
337,4354 55029,97
337,4384 55017,83
337,4414 54740,12
337,4445 54396,49
337,4474 54035,18
337,4504 53571,17
337,4535 53018,28
337,4565 52514,08
337,4595 51859,38
337,4625 50912,11
337,4655 50263,2
337,4685 49288,66
337,4715 48166,18
337,4745 47303,46
337,4775 46076,36
337,4805 44847,77
337,4835 43438,38
337,4865 42338,48
337,4895 40893,3
337,4925 39523,94
337,4955 38128,54
337,4985 36599,87
337,5015 35125,77
337,5045 33530,15
337,5075 31666,04
337,5105 29998,26
337,5135 28100,05
337,5165 26398,85
337,5195 24756,08
337,5225 22807,81
337,5255 20908,43
337,5285 19724,2
337,5315 17931,12
337,5345 15805,54
337,5375 13627,61
337,5405 10808,74
337,5435 8636,006
337,5465 6003,801
337,5496 3405,726
337,5526 1174,873
337,5555 -958,3433
337,5586 -3696,505
337,5616 -5773,061
337,5646 -7599,973
337,5676 -9487,185
337,5706 -12031,17
337,5736 -13957,35
337,5766 -15907,56
337,5796 -17861,71
337,5826 -19858,84
337,5856 -22276,89
337,5886 -24433,15
337,5916 -26428,65
337,5946 -28443,69
337,5976 -30250,3
337,6006 -31898,65
337,6036 -33351,12
337,6066 -34930,81
337,6096 -36384,63
337,6126 -37705,26
337,6156 -38999,71
337,6186 -40283,72
337,6216 -41544,79
337,6246 -42647,38
337,6276 -43553,12
337,6306 -44483,84
337,6336 -45431,71
337,6366 -46204,6
337,6396 -46955,09
337,6426 -47480,87
337,6457 -48057,07
337,6487 -48522,7
337,6516 -48959,6
337,6547 -49358,99
337,6577 -49763,11
337,6607 -49968,83
337,6637 -50152,86
337,6667 -50272,04
337,6697 -50366,35
337,6727 -50329,15
337,6757 -50319,93
337,6787 -50251,41
337,6817 -50089,47
337,6847 -49962,54
337,6877 -49785,14
337,6907 -49440,93
337,6937 -49209,98
337,6967 -48926,41
337,6997 -48585,86
337,7027 -48199,36
337,7057 -47796,11
337,7087 -47350,78
337,7117 -46938,55
337,7147 -46409,1
337,7177 -45869,58
337,7207 -45309,29
337,7237 -44725,95
337,7267 -44106,64
337,7297 -43613,63
337,7327 -42939,99
337,7357 -42281,79
337,7387 -41635,68
337,7417 -40979,71
337,7448 -40096,34
337,7477 -39236,21
337,7508 -38592,66
337,7538 -37902,04
337,7567 -37197,5
337,7598 -36237,55
337,7628 -35279,3
337,7658 -34431,96
337,7688 -33545,14
337,7718 -32564,2
337,7748 -31823,72
337,7778 -30983,01
337,7808 -30206,83
337,7838 -29410,21
337,7868 -28691,43
337,7898 -27839,83
337,7928 -27155,37
337,7958 -26352,18
337,7988 -25666,25
337,8018 -24939,26
337,8048 -24177,89
337,8078 -23483,07
337,8108 -22955,35
337,8138 -22286,88
337,8168 -21688,07
337,8198 -21098,46
337,8228 -20521,44
337,8258 -19863,21
337,8288 -19294,79
337,8318 -18784,29
337,8348 -18243,97
337,8378 -17815,72
337,8409 -17362,05
337,8438 -16891
337,8468 -16329,73
337,8499 -15881,8
337,8528 -15432,89
337,8559 -15017,84
337,8589 -14563,07
337,8618 -14231,05
337,8649 -13861,1
337,8679 -13503,26
337,8709 -13093,52
337,8739 -12716,2
337,8769 -12381,24
337,8799 -12063,4
337,8829 -11741,79
337,8859 -11439,78
337,8889 -11078,63
337,8919 -10810,69
337,8949 -10510,8
337,8979 -10188,37
337,9009 -9918,881
337,9039 -9687,427
337,9069 -9498,767
337,9099 -9243,303
337,9129 -8968,696
337,9159 -8767,984
337,9189 -8546,354
337,9219 -8322,102
337,9249 -8089,892
337,9279 -7899,116
337,9309 -7737,28
337,9339 -7517,213
337,937 -7358,194
337,9399 -7164,681
337,9429 -6981,173
337,946 -6823,285
337,9489 -6664,025
337,952 -6532,609
337,955 -6386,755
337,9579 -6256,004
337,961 -6110,47
337,964 -5988,778
337,967 -5868,481
337,97 -5745,347
337,973 -5599,6
337,976 -5490,637
337,979 -5339,981
337,982 -5232,109
337,985 -5125,444
337,988 -5017,786
337,991 -4940,019
337,994 -4812,452
337,997 -4729,737
338 -4625,973
338,003 -4531,485
338,006 -4443,608
338,009 -4355,84
338,012 -4265,886
338,015 -4174,389
338,018 -4091,9
338,021 -4031,768
338,024 -3957,47
338,027 -3875,539
338,03 -3790,813
338,033 -3713,864
338,036 -3648,609
338,039 -3577,247
338,0421 -3511,874
338,045 -3467,838
338,048 -3392,614
338,0511 -3314,73
338,054 -3276,57
338,0571 -3213,56
338,0601 -3168,859
338,063 -3096,956
338,0661 -3046,523
338,0691 -2975,718
338,0721 -2930,83
338,0751 -2870,534
338,0781 -2837,371
338,0811 -2758,887
338,0841 -2728,837
338,0871 -2688,331
338,0901 -2649,94
338,0931 -2606,993
338,0961 -2551,643
338,0991 -2514,778
338,1021 -2462,797
338,1051 -2417,596
338,1081 -2408,003
338,1111 -2344,416
338,1141 -2301,359
338,1171 -2261,719
338,1201 -2233,677
338,1231 -2206,955
338,1261 -2180,281
338,1291 -2129,533
338,1321 -2107,481
338,1351 -2079,224
338,1382 -2040,488
338,1411 -2017,281
338,1441 -1970,625
338,1472 -1943,847
338,1501 -1902,357
338,1532 -1912,831
338,1562 -1871,6
338,1591 -1847,769
338,1622 -1800,566
338,1652 -1783,269
338,1682 -1748,354
338,1712 -1732,974
338,1742 -1712,021
338,1772 -1700,901
338,1802 -1667,672
338,1832 -1655,575
338,1862 -1622,389
338,1892 -1601,15
338,1922 -1575,712
338,1952 -1571,085
338,1982 -1537,92
338,2012 -1502,397
338,2042 -1493,335
338,2072 -1474,693
338,2102 -1450,063
338,2132 -1437,613
338,2162 -1421,31
338,2192 -1409,76
338,2222 -1388,124
338,2252 -1370,406
338,2282 -1350,918
338,2312 -1346,763
338,2342 -1311,297
338,2372 -1311,749
338,2402 -1271,515
338,2433 -1270,779
338,2462 -1259,894
338,2492 -1246,227
338,2523 -1223,023
338,2552 -1191,593
338,2583 -1181,019
338,2613 -1176,481
338,2643 -1166,293
338,2673 -1142,927
338,2703 -1127,217
338,2733 -1119,36
338,2763 -1122,763
338,2793 -1090,451
338,2823 -1079,751
338,2853 -1075,041
338,2883 -1069,201
338,2913 -1033,474
338,2943 -1034,328
338,2973 -1034,985
338,3003 -1015,532
338,3033 -991,4157
338,3063 -988,7953
338,3093 -983,3654
338,3123 -972,1315
338,3153 -962,62
338,3183 -952,5833
338,3213 -931,9086
338,3243 -924,8669
338,3273 -918,3625
338,3303 -914,5806
338,3333 -912,4062
338,3363 -895,4987
338,3393 -881,1884
338,3423 -874,4771
338,3453 -860,5204
338,3484 -860,1441
338,3513 -845,7797
338,3543 -845,9487
338,3574 -827,0154
338,3604 -821,0964
338,3634 -817,4667
338,3664 -797,0419
338,3694 -785,4315
338,3724 -800,9697
338,3754 -786,8581
338,3784 -771,6238
338,3814 -758,6481
338,3844 -761,222
338,3874 -766,8712
338,3904 -738,8589
338,3934 -749,5867
338,3964 -727,5683
338,3994 -743,1604
338,4024 -719,2758
338,4054 -692,0278
338,4084 -723,0173
338,4114 -702,7724
338,4144 -700,3133
338,4174 -681,6111
338,4204 -699,6755
338,4234 -683,0915
338,4264 -661,7491
338,4294 -675,7308
338,4324 -655,0782
338,4354 -649,2328
338,4384 -642,0342
338,4414 -638,3294
338,4445 -630,6157
338,4474 -617,6563
338,4504 -635,3069
338,4535 -623,3243
338,4565 -607,9496
338,4595 -622,3573
338,4625 -608,912
338,4655 -599,2255
338,4685 -586,2476
338,4715 -577,2237
338,4745 -591,2111
338,4775 -584,4454
338,4805 -570,9443
338,4835 -563,0452
338,4865 -559,489
338,4895 -558,9689
338,4925 -554,1984
338,4955 -559,8524
338,4985 -552,0299
338,5015 -552,6672
338,5045 -536,6912
338,5075 -542,1712
338,5105 -525,3201
338,5135 -523,246
338,5165 -517,8926
338,5195 -513,5942
338,5225 -530,3044
338,5255 -511,9702
338,5285 -511,5643
338,5315 -511,054
338,5345 -503,0694
338,5375 -497,2214
338,5405 -492,8484
338,5435 -485,6586
338,5465 -493,1821
338,5496 -487,659
338,5526 -473,5957
338,5555 -475,1853
338,5586 -471,5728
338,5616 -469,4146
338,5646 -466,3301
338,5676 -463,5606
338,5706 -443,2251
338,5736 -460,7635
338,5766 -444,2143
338,5796 -441,325
338,5826 -438,0322
338,5856 -432,887
338,5886 -463,5237
338,5916 -433,2974
338,5946 -430,7167
338,5976 -424,9757
338,6006 -452,749
338,6036 -426,2435
338,6066 -430,3379
338,6096 -417,3172
338,6126 -407,8621
338,6156 -427,7104
338,6186 -415,8448
338,6216 -420,7032
338,6246 -424,0559
338,6276 -400,2095
338,6306 -407,3843
338,6336 -398,8682
338,6366 -395,0989
338,6396 -379,4491
338,6426 -390,4591
338,6457 -380,6017
338,6487 -380,1766
338,6516 -391,5118
338,6547 -361,9034
338,6577 -370,6913
338,6607 -375,9409
338,6637 -371,6526
338,6667 -370,643
338,6697 -356,1349
338,6727 -371,8291
338,6757 -372,8819
338,6787 -374,0162
338,6817 -352,5126
338,6847 -375,3152
338,6877 -361,1169
338,6907 -357,034
338,6937 -370,9506
338,6967 -362,0158
338,6997 -360,9893
338,7027 -342,3578
338,7057 -349,0121
338,7087 -338,1947
338,7117 -358,5885
338,7147 -329,1059
338,7177 -345,3084
338,7207 -329,5938
338,7237 -335,8481
338,7267 -346,397
338,7297 -332,7244
338,7327 -330,6275
338,7357 -333,1917
338,7387 -329,2583
338,7417 -342,2377
338,7448 -326,724
338,7477 -312,3385
338,7508 -309,2241
338,7538 -318,9962
338,7567 -314,0221
338,7598 -329,4422
338,7628 -312,7905
338,7658 -309,6082
338,7688 -299,1964
338,7718 -305,0612
338,7748 -323,3971
338,7778 -322,9349
338,7808 -308,1432
338,7838 -315,0744
338,7868 -294,36
338,7898 -310,3785
338,7928 -302,1477
338,7958 -316,2418
338,7988 -304,5043
338,8018 -316,5896
338,8048 -298,0952
338,8078 -289,6055
338,8108 -311,7372
338,8138 -282,1491
338,8168 -291,3465
338,8198 -292,0954
338,8228 -293,1685
338,8258 -269,8838
338,8288 -272,5136
338,8318 -284,7121
338,8348 -286,1509
338,8378 -273,045
338,8409 -275,7826
338,8438 -277,3059
338,8468 -277,2426
338,8499 -276,4725
338,8528 -266,2285
338,8559 -271,7338
338,8589 -266,2371
338,8618 -267,3165
338,8649 -278,9718
338,8679 -265,1161
338,8709 -259,6054
338,8739 -263,9958
338,8769 -270,36
338,8799 -264,7795
338,8829 -273,9388
338,8859 -271,3211
338,8889 -257,5341
338,8919 -261,3155
338,8949 -256,5687
338,8979 -258,4843
338,9009 -269,6764
338,9039 -249,4672
338,9069 -254,0051
338,9099 -266,866
338,9129 -249,8671
338,9159 -250,037
338,9189 -255,0458
338,9219 -255,3682
338,9249 -243,6705
338,9279 -251,1451
338,9309 -229,4116
338,9339 -265,7786
338,937 -257,3839
338,9399 -240,1465
338,9429 -233,3257
338,946 -241,3546
338,9489 -222,5312
338,952 -246,2487
338,955 -252,1177
338,9579 -228,0401
338,961 -252,6091
338,964 -263,3922
338,967 -240,6469
338,97 -233,299
338,973 -226,4654
338,976 -227,5144
338,979 -233,0783
338,982 -230,2036
338,985 -233,7685
338,988 -232,3913
338,991 -232,4383
338,994 -240,3104
338,997 -226,2007
339 -238,9952