
336 -4,122379
336,003 3,558754
336,006 0,9144908
336,009 -2,425861
336,012 4,880986
336,015 -6,10343
336,018 4,227684
336,021 -3,714066
336,024 -7,202722
336,027 4,284246
336,03 12,52138
336,033 -4,903104
336,036 -15,06585
336,039 25,22825
336,0421 8,745887
336,045 9,349675
336,048 2,978734
336,0511 -5,720958
336,054 7,089639
336,0571 -6,134296
336,0601 -9,100331
336,063 -6,263834
336,0661 4,533449
336,0691 30,12085
336,0721 15,2347
336,0751 -2,604611
336,0781 6,170191
336,0811 1,486382
336,0841 4,669748
336,0871 14,2161
336,0901 10,72635
336,0931 21,19439
336,0961 8,555689
336,0991 -2,125863
336,1021 8,475451
336,1051 17,23036
336,1081 12,42755
336,1111 1,081277
336,1141 14,19633
336,1171 15,72973
336,1201 12,00191
336,1231 -19,55571
336,1261 -1,576969
336,1291 3,476451
336,1321 15,1717
336,1351 22,67793
336,1382 7,91415
336,1411 11,54653
336,1441 28,45696
336,1472 16,71093
336,1501 1,075277
336,1532 0,6808386
336,1562 22,60925
336,1591 23,34173
336,1622 -2,682512
336,1652 21,04506
336,1682 29,73603
336,1712 26,79446
336,1742 21,71471
336,1772 24,5006
336,1802 19,60099
336,1832 14,92088
336,1862 14,56346
336,1892 17,34152
336,1922 21,25061
336,1952 24,56748
336,1982 20,60754
336,2012 5,972346
336,2042 12,60949
336,2072 25,28065
336,2102 22,03616
336,2132 23,0219
336,2162 25,43948
336,2192 16,8917
336,2222 37,99178
336,2252 -13,05979
336,2282 38,16768
336,2312 25,91336
336,2342 32,87
336,2372 41,11973
336,2402 30,87424
336,2433 29,52722
336,2462 15,1734
336,2492 21,45367
336,2523 30,5623
336,2552 65,67481
336,2583 14,85146
336,2613 43,56619
336,2643 45,96889
336,2673 23,40746
336,2703 39,88557
336,2733 35,99276
336,2763 24,5131
336,2793 32,99462
336,2823 33,4914
336,2853 34,81806
336,2883 36,31829
336,2913 51,02916
336,2943 31,48024
336,2973 34,21494
336,3003 52,85982
336,3033 32,56721
336,3063 38,04278
336,3093 43,6043
336,3123 37,53162
336,3153 27,09717
336,3183 39,40704
336,3213 50,74278
336,3243 36,42567
336,3273 42,78482
336,3303 51,3173
336,3333 39,34402
336,3363 36,68607
336,3393 39,38947
336,3423 50,0858
336,3453 48,45779
336,3484 38,82646
336,3513 46,08575
336,3543 39,9127
336,3574 58,30404
336,3604 49,11207
336,3634 52,09819
336,3664 43,87417
336,3694 58,28688
336,3724 65,19356
336,3754 40,6739
336,3784 41,45517
336,3814 65,60812
336,3844 49,60514
336,3874 49,9507
336,3904 54,95831
336,3934 47,87549
336,3964 58,52696
336,3994 57,52373
336,4024 69,38574
336,4054 59,58073
336,4084 44,93018
336,4114 62,73765
336,4144 76,29713
336,4174 52,05632
336,4204 44,1398
336,4234 58,59392
336,4264 41,64376
336,4294 79,41089
336,4324 64,24025
336,4354 70,36665
336,4384 60,71143
336,4414 74,72099
336,4445 75,16661
336,4474 66,86441
336,4504 53,50126
336,4535 69,7228
336,4565 76,29688
336,4595 70,38969
336,4625 83,27115
336,4655 89,46155
336,4685 83,13737
336,4715 70,2716
336,4745 84,5705
336,4775 81,50422
336,4805 81,90243
336,4835 96,08762
336,4865 90,30724
336,4895 80,13615
336,4925 95,69137
336,4955 84,21911
336,4985 91,88261
336,5015 75,24659
336,5045 86,77742
336,5075 92,83527
336,5105 94,92492
336,5135 100,6259
336,5165 89,06316
336,5195 86,20144
336,5225 110,3809
336,5255 111,9466
336,5285 92,68444
336,5315 108,4311
336,5345 104,4215
336,5375 101,8697
336,5405 105,8381
336,5435 121,4953
336,5465 105,8803
336,5496 92,81627
336,5526 101,6146
336,5555 114,7837
336,5586 117,8222
336,5616 108,545
336,5646 100,7434
336,5676 95,71258
336,5706 105,5021
336,5736 112,7242
336,5766 90,97677
336,5796 102,3539
336,5826 120,1121
336,5856 125,7055
336,5886 115,7411
336,5916 114,569
336,5946 119,4034
336,5976 123,4072
336,6006 127,6525
336,6036 122,2518
336,6066 142,1112
336,6096 131,2341
336,6126 152,0787
336,6156 150,0095
336,6186 136,518
336,6216 145,6409
336,6246 133,6486
336,6276 159,2335
336,6306 137,8206
336,6336 140,5989
336,6366 149,3549
336,6396 164,6434
336,6426 149,1952
336,6457 151,0738
336,6487 148,89
336,6516 161,6957
336,6547 163,6706
336,6577 161,3642
336,6607 148,2118
336,6637 146,1615
336,6667 174,1785
336,6697 155,9892
336,6727 187,8721
336,6757 165,0351
336,6787 187,0405
336,6817 171,2348
336,6847 179,3635
336,6877 199,9807
336,6907 173,3497
336,6937 181,5251
336,6967 184,8175
336,6997 189,0204
336,7027 176,9647
336,7057 189,0949
336,7087 201,3399
336,7117 195,3546
336,7147 200,9669
336,7177 192,1283
336,7207 222,9666
336,7237 217,3323
336,7267 219,209
336,7297 216,7941
336,7327 212,0748
336,7357 222,5439
336,7387 230,2862
336,7417 226,0124
336,7448 251,6701
336,7477 212,9484
336,7508 240,623
336,7538 238,979
336,7567 241,4917
336,7598 241,8459
336,7628 239,7489
336,7658 251,2365
336,7688 262,0765
336,7718 252,8999
336,7748 268,0532
336,7778 267,1395
336,7808 247,9613
336,7838 273,7046
336,7868 281,4849
336,7898 292,5473
336,7928 286,7951
336,7958 293,8977
336,7988 299,6491
336,8018 301,7187
336,8048 311,9095
336,8078 311,7667
336,8108 301,6207
336,8138 314,5739
336,8168 306,246
336,8198 319,5356
336,8228 328,4305
336,8258 314,5725
336,8288 339,8831
336,8318 346,2787
336,8348 346,1947
336,8378 365,7464
336,8409 338,2264
336,8438 363,8056
336,8468 341,9151
336,8499 363,9099
336,8528 366,1939
336,8559 376,7281
336,8589 393,2045
336,8618 383,5469
336,8649 393,167
336,8679 402,7417
336,8709 416,5746
336,8739 427,9738
336,8769 417,3655
336,8799 406,6824
336,8829 421,7635
336,8859 443,565
336,8889 439,3749
336,8919 456,6474
336,8949 446,5542
336,8979 458,4497
336,9009 464,6915
336,9039 480,7151
336,9069 486,8129
336,9099 504,9839
336,9129 501,4879
336,9159 480,7513
336,9189 519,0483
336,9219 519,5487
336,9249 532,3318
336,9279 516,3491
336,9309 552,5845
336,9339 548,0385
336,937 545,9861
336,9399 582,183
336,9429 570,8144
336,946 574,9926
336,9489 580,3488
336,952 583,1183
336,955 603,9092
336,9579 630,9365
336,961 608,5052
336,964 635,0413
336,967 648,0139
336,97 652,8344
336,973 666,0409
336,976 665,0092
336,979 658,6992
336,982 675,3528
336,985 692,8644
336,988 723,7399
336,991 734,3265
336,994 742,0607
336,997 742,1774
337 743,6583
337,003 760,4617
337,006 786,4073
337,009 793,5414
337,012 821,2014
337,015 824,6119
337,018 847,4477
337,021 843,3342
337,024 867,8246
337,027 897,2881
337,03 910,5109
337,033 913,3649
337,036 923,03
337,039 930,4064
337,0421 933,3575
337,045 967,9733
337,048 1007,421
337,0511 1002,722
337,054 1022,364
337,0571 1047,327
337,0601 1053,828
337,063 1090,823
337,0661 1102,283
337,0691 1132,553
337,0721 1141,277
337,0751 1152,443
337,0781 1173
337,0811 1219,365
337,0841 1227,571
337,0871 1261,634
337,0901 1296,939
337,0931 1296,201
337,0961 1350,014
337,0991 1354,537
337,1021 1394,489
337,1051 1413,228
337,1081 1438,198
337,1111 1465,826
337,1141 1509,465
337,1171 1507,901
337,1201 1536,191
337,1231 1586,507
337,1261 1605,87
337,1291 1624,373
337,1321 1676,977
337,1351 1714,635
337,1382 1728,14
337,1411 1752,931
337,1441 1811,928
337,1472 1828,393
337,1501 1886,156
337,1532 1920,177
337,1562 1964,455
337,1591 2006,34
337,1622 2043,119
337,1652 2093,452
337,1682 2133,04
337,1712 2174,876
337,1742 2228,849
337,1772 2275,568
337,1802 2351,547
337,1832 2397,155
337,1862 2447,955
337,1892 2511,791
337,1922 2582,009
337,1952 2623,504
337,1982 2692,938
337,2012 2758,19
337,2042 2821,845
337,2072 2910,23
337,2102 2969,323
337,2132 3007,34
337,2162 3105,629
337,2192 3191,189
337,2222 3270,571
337,2252 3328,479
337,2282 3436,832
337,2312 3517,263
337,2342 3616,156
337,2372 3750,225
337,2402 3833,568
337,2433 3947,865
337,2462 4026,964
337,2492 4156,149
337,2523 4235,285
337,2552 4337,69
337,2583 4462,15
337,2613 4587,149
337,2643 4758,935
337,2673 4876,038
337,2703 5023,763
337,2733 5172,62
337,2763 5337,939
337,2793 5468,804
337,2823 5628,117
337,2853 5756,981
337,2883 5963,217
337,2913 6157,147
337,2943 6345,213
337,2973 6512,141
337,3003 6750,915
337,3033 6949,222
337,3063 7210,923
337,3093 7438,535
337,3123 7681,197
337,3153 7923,055
337,3183 8183,513
337,3213 8463,277
337,3243 8762,672
337,3273 9062,672
337,3303 9358,632
337,3333 9763,932
337,3363 10064,64
337,3393 10319,35
337,3423 10627,81
337,3453 10969,75
337,3484 11381,73
337,3513 11792,05
337,3543 12222,35
337,3574 12702,12
337,3604 13149,76
337,3634 13647,79
337,3664 14196,71
337,3694 14646,51
337,3724 15149,4
337,3754 15765,02
337,3784 16370,03
337,3814 16944,12
337,3844 17652,82
337,3874 18307,13
337,3904 18988,43
337,3934 19668,39
337,3964 20386,42
337,3994 21195,13
337,4024 22064,81
337,4054 22763,17
337,4084 23608,97
337,4114 24633,19
337,4144 25285,49
337,4174 26179,97
337,4204 27029,19
337,4234 27967,56
337,4264 28743,54
337,4294 29688,25
337,4324 30586,43
337,4354 31391,5
337,4384 32052,24
337,4414 32829,77
337,4445 33553,71
337,4474 34204,93
337,4504 34864,8
337,4535 35429,05
337,4565 36016,72
337,4595 36395,8
337,4625 36760,79
337,4655 37006,39
337,4685 37205,08
337,4715 37307,9
337,4745 37261,08
337,4775 37219,05
337,4805 37042,54
337,4835 36690,37
337,4865 36331,93
337,4895 35800,9
337,4925 35152,2
337,4955 34488,66
337,4985 33574,64
337,5015 32431,2
337,5045 31226,64
337,5075 30119,78
337,5105 28653,12
337,5135 26969,19
337,5165 25812,49
337,5195 24364,61
337,5225 22851,01
337,5255 21065,18
337,5285 19182,29
337,5315 17122,38
337,5345 15012,74
337,5375 12689,1
337,5405 10478,39
337,5435 8087,164
337,5465 6329,155
337,5496 4255,184
337,5526 1817,873
337,5555 -110,0238
337,5586 -2422,304
337,5616 -4425,534
337,5646 -6352,17
337,5676 -7993,552
337,5706 -9796,766
337,5736 -11259,1
337,5766 -12793,87
337,5796 -14287,07
337,5826 -15760,65
337,5856 -17023,15
337,5886 -18177,86
337,5916 -19421,51
337,5946 -20744,19
337,5976 -21701,14
337,6006 -22759,19
337,6036 -23630,99
337,6066 -24289,16
337,6096 -24952,78
337,6126 -25692,76
337,6156 -26171,49
337,6186 -26740,4
337,6216 -27259,08
337,6246 -27630,35
337,6276 -27972,46
337,6306 -28313,85
337,6336 -28557,24
337,6366 -28787,39
337,6396 -29019,08
337,6426 -29107,38
337,6457 -29256,14
337,6487 -29350,32
337,6516 -29374,35
337,6547 -29418,96
337,6577 -29421,45
337,6607 -29299,14
337,6637 -29269,1
337,6667 -29130,12
337,6697 -28976,62
337,6727 -28845,41
337,6757 -28600,08
337,6787 -28320,7
337,6817 -28058,99
337,6847 -27737,05
337,6877 -27373,46
337,6907 -27141,94
337,6937 -26799,66
337,6967 -26418,92
337,6997 -25990,21
337,7027 -25618,16
337,7057 -25087,83
337,7087 -24666,37
337,7117 -24193,31
337,7147 -23745,52
337,7177 -23208,54
337,7207 -22723,83
337,7237 -22233,13
337,7267 -21737,39
337,7297 -21274,07
337,7327 -20579,97
337,7357 -20156,75
337,7387 -19600,6
337,7417 -19089,98
337,7448 -18591,24
337,7477 -18136,93
337,7508 -17686,87
337,7538 -17152,72
337,7567 -16633,49
337,7598 -16114,86
337,7628 -15590,42
337,7658 -15120,84
337,7688 -14646,28
337,7718 -14189,76
337,7748 -13841,07
337,7778 -13464,21
337,7808 -12989
337,7838 -12601,33
337,7868 -12228,43
337,7898 -11818,92
337,7928 -11514,45
337,7958 -11182,75
337,7988 -10891,4
337,8018 -10515,45
337,8048 -10200,94
337,8078 -9881,067
337,8108 -9589,379
337,8138 -9317,215
337,8168 -9047,354
337,8198 -8774,762
337,8228 -8539,957
337,8258 -8235,48
337,8288 -8029,301
337,8318 -7768,875
337,8348 -7539,464
337,8378 -7358,447
337,8409 -7150,998
337,8438 -6984,372
337,8468 -6755,173
337,8499 -6590,534
337,8528 -6396,083
337,8559 -6204,301
337,8589 -6043,28
337,8618 -5864,328
337,8649 -5711,1
337,8679 -5534,65
337,8709 -5395,076
337,8739 -5262,432
337,8769 -5090,753
337,8799 -4973,211
337,8829 -4845,099
337,8859 -4715,497
337,8889 -4588,705
337,8919 -4475,163
337,8949 -4388,91
337,8979 -4272,876
337,9009 -4159,473
337,9039 -4030,663
337,9069 -3938,479
337,9099 -3831,274
337,9129 -3718,811
337,9159 -3625,271
337,9189 -3563,951
337,9219 -3470,742
337,9249 -3397,946
337,9279 -3314,521
337,9309 -3255,434
337,9339 -3140,171
337,937 -3084,521
337,9399 -3012,796
337,9429 -2925,986
337,946 -2874,842
337,9489 -2794,113
337,952 -2775,637
337,955 -2692,895
337,9579 -2626,989
337,961 -2576,835
337,964 -2529,059
337,967 -2468,493
337,97 -2431,074
337,973 -2367,843
337,976 -2328,522
337,979 -2275,108
337,982 -2225,964
337,985 -2203,929
337,988 -2144,764
337,991 -2096,263
337,994 -2060,406
337,997 -2010,752
338 -1979,829
338,003 -1943,715
338,006 -1896,927
338,009 -1872,013
338,012 -1820,036
338,015 -1793,628
338,018 -1761,138
338,021 -1717,522
338,024 -1678,419
338,027 -1655,735
338,03 -1639,446
338,033 -1601,203
338,036 -1557,801
338,039 -1540,692
338,0421 -1513,192
338,045 -1471,806
338,048 -1440,157
338,0511 -1440,371
338,054 -1431,378
338,0571 -1406,048
338,0601 -1361,307
338,063 -1325,813
338,0661 -1318,925
338,0691 -1295,63
338,0721 -1295,095
338,0751 -1266,552
338,0781 -1231,252
338,0811 -1211,063
338,0841 -1182,105
338,0871 -1179,965
338,0901 -1169,012
338,0931 -1132,213
338,0961 -1119,32
338,0991 -1085,751
338,1021 -1068,198
338,1051 -1059,403
338,1081 -1048,726
338,1111 -1026,235
338,1141 -1027,629
338,1171 -996,4106
338,1201 -971,172
338,1231 -960,2873
338,1261 -957,3953
338,1291 -924,6514
338,1321 -933,4265
338,1351 -898,7411
338,1382 -887,4011
338,1411 -871,9583
338,1441 -863,9037
338,1472 -882,7699
338,1501 -856,0446
338,1532 -830,194
338,1562 -824,4401
338,1591 -818,3773
338,1622 -812,2062
338,1652 -800,3803
338,1682 -758,0143
338,1712 -750,6108
338,1742 -750,9625
338,1772 -734,8437
338,1802 -731,8875
338,1832 -713,9299
338,1862 -715,6899
338,1892 -699,3207
338,1922 -692,164
338,1952 -701,956
338,1982 -657,7134
338,2012 -682,6873
338,2042 -669,2703
338,2072 -649,5418
338,2102 -649,5141
338,2132 -630,6008
338,2162 -638,0938
338,2192 -628,394
338,2222 -610,9144
338,2252 -596,0035
338,2282 -599,1079
338,2312 -572,1847
338,2342 -559,902
338,2372 -571,1556
338,2402 -557,903
338,2433 -546,035
338,2462 -537,0339
338,2492 -529,6479
338,2523 -528,4193
338,2552 -527,0731
338,2583 -529,6765
338,2613 -510,8678
338,2643 -520,2421
338,2673 -511,4079
338,2703 -501,0573
338,2733 -488,9596
338,2763 -496,4951
338,2793 -487,1218
338,2823 -496,0393
338,2853 -479,4043
338,2883 -464,5371
338,2913 -457,8655
338,2943 -456,2422
338,2973 -454,0302
338,3003 -443,0729
338,3033 -445,9989
338,3063 -437,5669
338,3093 -464,5442
338,3123 -429,4395
338,3153 -420,6418
338,3183 -420,7343
338,3213 -393,08
338,3243 -391,0417
338,3273 -405,9146
338,3303 -397,4904
338,3333 -384,3754
338,3363 -377,3022
338,3393 -392,6621
338,3423 -373,3324
338,3453 -363,8576
338,3484 -373,1324
338,3513 -362,2906
338,3543 -365,8529
338,3574 -342,6573
338,3604 -356,6285
338,3634 -352,28
338,3664 -339,8883
338,3694 -351,4208
338,3724 -331,6373
338,3754 -327,9502
338,3784 -331,4588
338,3814 -325,7154
338,3844 -347,128
338,3874 -321,4954
338,3904 -322,2647
338,3934 -304,5433
338,3964 -317,1855
338,3994 -310,2516
338,4024 -305,286
338,4054 -296,5533
338,4084 -294,2932
338,4114 -306,1316
338,4144 -296,9996
338,4174 -275,1173
338,4204 -300,6581
338,4234 -275,6723
338,4264 -293,0989
338,4294 -276,7668
338,4324 -268,0445
338,4354 -267,1498
338,4384 -300,8677
338,4414 -278,7193
338,4445 -273,0246
338,4474 -260,4357
338,4504 -277,7331
338,4535 -238,3563
338,4565 -257,073
338,4595 -266,9824
338,4625 -242,5021
338,4655 -255,7601
338,4685 -244,4551
338,4715 -255,0982
338,4745 -246,0867
338,4775 -244,1028
338,4805 -246,963
338,4835 -237,2459
338,4865 -249,2004
338,4895 -220,3629
338,4925 -243,7686
338,4955 -235,4412
338,4985 -222,1586
338,5015 -227,5502
338,5045 -222,5558
338,5075 -223,5951
338,5105 -208,3925
338,5135 -214,2051
338,5165 -211,4606
338,5195 -211,6676
338,5225 -207,9267
338,5255 -209,0198
338,5285 -206,4742
338,5315 -221,599
338,5345 -199,1752
338,5375 -195,5525
338,5405 -199,7699
338,5435 -207,2049
338,5465 -205,3427
338,5496 -212,9898
338,5526 -198,3062
338,5555 -198,715
338,5586 -189,8626
338,5616 -191,5262
338,5646 -202,6777
338,5676 -199,5136
338,5706 -174,4524
338,5736 -181,7783
338,5766 -191,9486
338,5796 -184,7674
338,5826 -178,6204
338,5856 -189,0151
338,5886 -165,2403
338,5916 -192,9588
338,5946 -195,6021
338,5976 -172,4675
338,6006 -170,8951
338,6036 -174,6345
338,6066 -165,2981
338,6096 -168,0968
338,6126 -192,0979
338,6156 -164,946
338,6186 -174,3342
338,6216 -173,7334
338,6246 -173,868
338,6276 -177,1829
338,6306 -146,0365
338,6336 -166,7902
338,6366 -156,8673
338,6396 -162,0822
338,6426 -163,0367
338,6457 -158,6168
338,6487 -142,8462
338,6516 -153,6635
338,6547 -147,8673
338,6577 -156,8177
338,6607 -165,7438
338,6637 -140,0416
338,6667 -164,8001
338,6697 -137,6077
338,6727 -148,3212
338,6757 -157,4195
338,6787 -131,4759
338,6817 -145,9741
338,6847 -158,6068
338,6877 -120,7958
338,6907 -136,03
338,6937 -130,8248
338,6967 -125,1454
338,6997 -131,3299
338,7027 -142,7796
338,7057 -142,0122
338,7087 -115,6223
338,7117 -128,2178
338,7147 -131,5916
338,7177 -145,5301
338,7207 -129,2975
338,7237 -134,457
338,7267 -147,1842
338,7297 -134,8728
338,7327 -135,5817
338,7357 -126,4461
338,7387 -127,9899
338,7417 -110,6106
338,7448 -141,6711
338,7477 -126,5955
338,7508 -121,8354
338,7538 -129,2558
338,7567 -131,2815
338,7598 -120,6129
338,7628 -114,6344
338,7658 -117,4927
338,7688 -135,8447
338,7718 -109,2593
338,7748 -127,5587
338,7778 -113,3845
338,7808 -132,5457
338,7838 -112,482
338,7868 -126,5508
338,7898 -126,4901
338,7928 -120,4557
338,7958 -116,9396
338,7988 -92,75663
338,8018 -122,1136
338,8048 -122,7563
338,8078 -100,8627
338,8108 -106,4428
338,8138 -109,0264
338,8168 -109,3656
338,8198 -97,34859
338,8228 -100,8828
338,8258 -112,2897
338,8288 -96,33067
338,8318 -121,5216
338,8348 -103,3102
338,8378 -119,5065
338,8409 -95,70689
338,8438 -86,56615
338,8468 -92,91904
338,8499 -91,46966
338,8528 -108,7199
338,8559 -104,1866
338,8589 -107,3799
338,8618 -118,032
338,8649 -94,28101
338,8679 -93,45367
338,8709 -99,32555
338,8739 -105,5126
338,8769 -90,74862
338,8799 -95,40453
338,8829 -107,7278
338,8859 -84,78337
338,8889 -99,50464
338,8919 -98,20166
338,8949 -106,1197
338,8979 -94,09485
338,9009 -86,78491
338,9039 -90,3775
338,9069 -78,01669
338,9099 -94,7836
338,9129 -77,40391
338,9159 -99,74789
338,9189 -89,79585
338,9219 -74,38855
338,9249 -93,51096
338,9279 -97,96637
338,9309 -93,3546
338,9339 -90,522
338,937 -95,84168
338,9399 -88,25362
338,9429 -100,3136
338,946 -89,60735
338,9489 -69,06993
338,952 -92,14056
338,955 -81,27462
338,9579 -62,25072
338,961 -78,13914
338,964 -99,00639
338,967 -81,29034
338,97 -79,52113
338,973 -95,63351
338,976 -71,97136
338,979 -76,45077
338,982 -87,60489
338,985 -75,93922
338,988 -83,6597
338,991 -96,39613
338,994 -76,52171
338,997 -72,19077
339 -76,01181
336 -4,122379
336,003 3,558754
336,006 0,9144908
336,009 -2,425861
336,012 4,880986
336,015 -6,10343
336,018 4,227684
336,021 -3,714066
336,024 -7,202722
336,027 4,284246
336,03 12,52138
336,033 -4,903104
336,036 -15,06585
336,039 25,22825
336,0421 8,745887
336,045 9,349675
336,048 2,978734
336,0511 -5,720958
336,054 7,089639
336,0571 -6,134296
336,0601 -9,100331
336,063 -6,263834
336,0661 4,533449
336,0691 30,12085
336,0721 15,2347
336,0751 -2,604611
336,0781 6,170191
336,0811 1,486382
336,0841 4,669748
336,0871 14,2161
336,0901 10,72635
336,0931 21,19439
336,0961 8,555689
336,0991 -2,125863
336,1021 8,475451
336,1051 17,23036
336,1081 12,42755
336,1111 1,081277
336,1141 14,19633
336,1171 15,72973
336,1201 12,00191
336,1231 -19,55571
336,1261 -1,576969
336,1291 3,476451
336,1321 15,1717
336,1351 22,67793
336,1382 7,91415
336,1411 11,54653
336,1441 28,45696
336,1472 16,71093
336,1501 1,075277
336,1532 0,6808386
336,1562 22,60925
336,1591 23,34173
336,1622 -2,682512
336,1652 21,04506
336,1682 29,73603
336,1712 26,79446
336,1742 21,71471
336,1772 24,5006
336,1802 19,60099
336,1832 14,92088
336,1862 14,56346
336,1892 17,34152
336,1922 21,25061
336,1952 24,56748
336,1982 20,60754
336,2012 5,972346
336,2042 12,60949
336,2072 25,28065
336,2102 22,03616
336,2132 23,0219
336,2162 25,43948
336,2192 16,8917
336,2222 37,99178
336,2252 -13,05979
336,2282 38,16768
336,2312 25,91336
336,2342 32,87
336,2372 41,11973
336,2402 30,87424
336,2433 29,52722
336,2462 15,1734
336,2492 21,45367
336,2523 30,5623
336,2552 65,67481
336,2583 14,85146
336,2613 43,56619
336,2643 45,96889
336,2673 23,40746
336,2703 39,88557
336,2733 35,99276
336,2763 24,5131
336,2793 32,99462
336,2823 33,4914
336,2853 34,81806
336,2883 36,31829
336,2913 51,02916
336,2943 31,48024
336,2973 34,21494
336,3003 52,85982
336,3033 32,56721
336,3063 38,04278
336,3093 43,6043
336,3123 37,53162
336,3153 27,09717
336,3183 39,40704
336,3213 50,74278
336,3243 36,42567
336,3273 42,78482
336,3303 51,3173
336,3333 39,34402
336,3363 36,68607
336,3393 39,38947
336,3423 50,0858
336,3453 48,45779
336,3484 38,82646
336,3513 46,08575
336,3543 39,9127
336,3574 58,30404
336,3604 49,11207
336,3634 52,09819
336,3664 43,87417
336,3694 58,28688
336,3724 65,19356
336,3754 40,6739
336,3784 41,45517
336,3814 65,60812
336,3844 49,60514
336,3874 49,9507
336,3904 54,95831
336,3934 47,87549
336,3964 58,52696
336,3994 57,52373
336,4024 69,38574
336,4054 59,58073
336,4084 44,93018
336,4114 62,73765
336,4144 76,29713
336,4174 52,05632
336,4204 44,1398
336,4234 58,59392
336,4264 41,64376
336,4294 79,41089
336,4324 64,24025
336,4354 70,36665
336,4384 60,71143
336,4414 74,72099
336,4445 75,16661
336,4474 66,86441
336,4504 53,50126
336,4535 69,7228
336,4565 76,29688
336,4595 70,38969
336,4625 83,27115
336,4655 89,46155
336,4685 83,13737
336,4715 70,2716
336,4745 84,5705
336,4775 81,50422
336,4805 81,90243
336,4835 96,08762
336,4865 90,30724
336,4895 80,13615
336,4925 95,69137
336,4955 84,21911
336,4985 91,88261
336,5015 75,24659
336,5045 86,77742
336,5075 92,83527
336,5105 94,92492
336,5135 100,6259
336,5165 89,06316
336,5195 86,20144
336,5225 110,3809
336,5255 111,9466
336,5285 92,68444
336,5315 108,4311
336,5345 104,4215
336,5375 101,8697
336,5405 105,8381
336,5435 121,4953
336,5465 105,8803
336,5496 92,81627
336,5526 101,6146
336,5555 114,7837
336,5586 117,8222
336,5616 108,545
336,5646 100,7434
336,5676 95,71258
336,5706 105,5021
336,5736 112,7242
336,5766 90,97677
336,5796 102,3539
336,5826 120,1121
336,5856 125,7055
336,5886 115,7411
336,5916 114,569
336,5946 119,4034
336,5976 123,4072
336,6006 127,6525
336,6036 122,2518
336,6066 142,1112
336,6096 131,2341
336,6126 152,0787
336,6156 150,0095
336,6186 136,518
336,6216 145,6409
336,6246 133,6486
336,6276 159,2335
336,6306 137,8206
336,6336 140,5989
336,6366 149,3549
336,6396 164,6434
336,6426 149,1952
336,6457 151,0738
336,6487 148,89
336,6516 161,6957
336,6547 163,6706
336,6577 161,3642
336,6607 148,2118
336,6637 146,1615
336,6667 174,1785
336,6697 155,9892
336,6727 187,8721
336,6757 165,0351
336,6787 187,0405
336,6817 171,2348
336,6847 179,3635
336,6877 199,9807
336,6907 173,3497
336,6937 181,5251
336,6967 184,8175
336,6997 189,0204
336,7027 176,9647
336,7057 189,0949
336,7087 201,3399
336,7117 195,3546
336,7147 200,9669
336,7177 192,1283
336,7207 222,9666
336,7237 217,3323
336,7267 219,209
336,7297 216,7941
336,7327 212,0748
336,7357 222,5439
336,7387 230,2862
336,7417 226,0124
336,7448 251,6701
336,7477 212,9484
336,7508 240,623
336,7538 238,979
336,7567 241,4917
336,7598 241,8459
336,7628 239,7489
336,7658 251,2365
336,7688 262,0765
336,7718 252,8999
336,7748 268,0532
336,7778 267,1395
336,7808 247,9613
336,7838 273,7046
336,7868 281,4849
336,7898 292,5473
336,7928 286,7951
336,7958 293,8977
336,7988 299,6491
336,8018 301,7187
336,8048 311,9095
336,8078 311,7667
336,8108 301,6207
336,8138 314,5739
336,8168 306,246
336,8198 319,5356
336,8228 328,4305
336,8258 314,5725
336,8288 339,8831
336,8318 346,2787
336,8348 346,1947
336,8378 365,7464
336,8409 338,2264
336,8438 363,8056
336,8468 341,9151
336,8499 363,9099
336,8528 366,1939
336,8559 376,7281
336,8589 393,2045
336,8618 383,5469
336,8649 393,167
336,8679 402,7417
336,8709 416,5746
336,8739 427,9738
336,8769 417,3655
336,8799 406,6824
336,8829 421,7635
336,8859 443,565
336,8889 439,3749
336,8919 456,6474
336,8949 446,5542
336,8979 458,4497
336,9009 464,6915
336,9039 480,7151
336,9069 486,8129
336,9099 504,9839
336,9129 501,4879
336,9159 480,7513
336,9189 519,0483
336,9219 519,5487
336,9249 532,3318
336,9279 516,3491
336,9309 552,5845
336,9339 548,0385
336,937 545,9861
336,9399 582,183
336,9429 570,8144
336,946 574,9926
336,9489 580,3488
336,952 583,1183
336,955 603,9092
336,9579 630,9365
336,961 608,5052
336,964 635,0413
336,967 648,0139
336,97 652,8344
336,973 666,0409
336,976 665,0092
336,979 658,6992
336,982 675,3528
336,985 692,8644
336,988 723,7399
336,991 734,3265
336,994 742,0607
336,997 742,1774
337 743,6583
337,003 760,4617
337,006 786,4073
337,009 793,5414
337,012 821,2014
337,015 824,6119
337,018 847,4477
337,021 843,3342
337,024 867,8246
337,027 897,2881
337,03 910,5109
337,033 913,3649
337,036 923,03
337,039 930,4064
337,0421 933,3575
337,045 967,9733
337,048 1007,421
337,0511 1002,722
337,054 1022,364
337,0571 1047,327
337,0601 1053,828
337,063 1090,823
337,0661 1102,283
337,0691 1132,553
337,0721 1141,277
337,0751 1152,443
337,0781 1173
337,0811 1219,365
337,0841 1227,571
337,0871 1261,634
337,0901 1296,939
337,0931 1296,201
337,0961 1350,014
337,0991 1354,537
337,1021 1394,489
337,1051 1413,228
337,1081 1438,198
337,1111 1465,826
337,1141 1509,465
337,1171 1507,901
337,1201 1536,191
337,1231 1586,507
337,1261 1605,87
337,1291 1624,373
337,1321 1676,977
337,1351 1714,635
337,1382 1728,14
337,1411 1752,931
337,1441 1811,928
337,1472 1828,393
337,1501 1886,156
337,1532 1920,177
337,1562 1964,455
337,1591 2006,34
337,1622 2043,119
337,1652 2093,452
337,1682 2133,04
337,1712 2174,876
337,1742 2228,849
337,1772 2275,568
337,1802 2351,547
337,1832 2397,155
337,1862 2447,955
337,1892 2511,791
337,1922 2582,009
337,1952 2623,504
337,1982 2692,938
337,2012 2758,19
337,2042 2821,845
337,2072 2910,23
337,2102 2969,323
337,2132 3007,34
337,2162 3105,629
337,2192 3191,189
337,2222 3270,571
337,2252 3328,479
337,2282 3436,832
337,2312 3517,263
337,2342 3616,156
337,2372 3750,225
337,2402 3833,568
337,2433 3947,865
337,2462 4026,964
337,2492 4156,149
337,2523 4235,285
337,2552 4337,69
337,2583 4462,15
337,2613 4587,149
337,2643 4758,935
337,2673 4876,038
337,2703 5023,763
337,2733 5172,62
337,2763 5337,939
337,2793 5468,804
337,2823 5628,117
337,2853 5756,981
337,2883 5963,217
337,2913 6157,147
337,2943 6345,213
337,2973 6512,141
337,3003 6750,915
337,3033 6949,222
337,3063 7210,923
337,3093 7438,535
337,3123 7681,197
337,3153 7923,055
337,3183 8183,513
337,3213 8463,277
337,3243 8762,672
337,3273 9062,672
337,3303 9358,632
337,3333 9763,932
337,3363 10064,64
337,3393 10319,35
337,3423 10627,81
337,3453 10969,75
337,3484 11381,73
337,3513 11792,05
337,3543 12222,35
337,3574 12702,12
337,3604 13149,76
337,3634 13647,79
337,3664 14196,71
337,3694 14646,51
337,3724 15149,4
337,3754 15765,02
337,3784 16370,03
337,3814 16944,12
337,3844 17652,82
337,3874 18307,13
337,3904 18988,43
337,3934 19668,39
337,3964 20386,42
337,3994 21195,13
337,4024 22064,81
337,4054 22763,17
337,4084 23608,97
337,4114 24633,19
337,4144 25285,49
337,4174 26179,97
337,4204 27029,19
337,4234 27967,56
337,4264 28743,54
337,4294 29688,25
337,4324 30586,43
337,4354 31391,5
337,4384 32052,24
337,4414 32829,77
337,4445 33553,71
337,4474 34204,93
337,4504 34864,8
337,4535 35429,05
337,4565 36016,72
337,4595 36395,8
337,4625 36760,79
337,4655 37006,39
337,4685 37205,08
337,4715 37307,9
337,4745 37261,08
337,4775 37219,05
337,4805 37042,54
337,4835 36690,37
337,4865 36331,93
337,4895 35800,9
337,4925 35152,2
337,4955 34488,66
337,4985 33574,64
337,5015 32431,2
337,5045 31226,64
337,5075 30119,78
337,5105 28653,12
337,5135 26969,19
337,5165 25812,49
337,5195 24364,61
337,5225 22851,01
337,5255 21065,18
337,5285 19182,29
337,5315 17122,38
337,5345 15012,74
337,5375 12689,1
337,5405 10478,39
337,5435 8087,164
337,5465 6329,155
337,5496 4255,184
337,5526 1817,873
337,5555 -110,0238
337,5586 -2422,304
337,5616 -4425,534
337,5646 -6352,17
337,5676 -7993,552
337,5706 -9796,766
337,5736 -11259,1
337,5766 -12793,87
337,5796 -14287,07
337,5826 -15760,65
337,5856 -17023,15
337,5886 -18177,86
337,5916 -19421,51
337,5946 -20744,19
337,5976 -21701,14
337,6006 -22759,19
337,6036 -23630,99
337,6066 -24289,16
337,6096 -24952,78
337,6126 -25692,76
337,6156 -26171,49
337,6186 -26740,4
337,6216 -27259,08
337,6246 -27630,35
337,6276 -27972,46
337,6306 -28313,85
337,6336 -28557,24
337,6366 -28787,39
337,6396 -29019,08
337,6426 -29107,38
337,6457 -29256,14
337,6487 -29350,32
337,6516 -29374,35
337,6547 -29418,96
337,6577 -29421,45
337,6607 -29299,14
337,6637 -29269,1
337,6667 -29130,12
337,6697 -28976,62
337,6727 -28845,41
337,6757 -28600,08
337,6787 -28320,7
337,6817 -28058,99
337,6847 -27737,05
337,6877 -27373,46
337,6907 -27141,94
337,6937 -26799,66
337,6967 -26418,92
337,6997 -25990,21
337,7027 -25618,16
337,7057 -25087,83
337,7087 -24666,37
337,7117 -24193,31
337,7147 -23745,52
337,7177 -23208,54
337,7207 -22723,83
337,7237 -22233,13
337,7267 -21737,39
337,7297 -21274,07
337,7327 -20579,97
337,7357 -20156,75
337,7387 -19600,6
337,7417 -19089,98
337,7448 -18591,24
337,7477 -18136,93
337,7508 -17686,87
337,7538 -17152,72
337,7567 -16633,49
337,7598 -16114,86
337,7628 -15590,42
337,7658 -15120,84
337,7688 -14646,28
337,7718 -14189,76
337,7748 -13841,07
337,7778 -13464,21
337,7808 -12989
337,7838 -12601,33
337,7868 -12228,43
337,7898 -11818,92
337,7928 -11514,45
337,7958 -11182,75
337,7988 -10891,4
337,8018 -10515,45
337,8048 -10200,94
337,8078 -9881,067
337,8108 -9589,379
337,8138 -9317,215
337,8168 -9047,354
337,8198 -8774,762
337,8228 -8539,957
337,8258 -8235,48
337,8288 -8029,301
337,8318 -7768,875
337,8348 -7539,464
337,8378 -7358,447
337,8409 -7150,998
337,8438 -6984,372
337,8468 -6755,173
337,8499 -6590,534
337,8528 -6396,083
337,8559 -6204,301
337,8589 -6043,28
337,8618 -5864,328
337,8649 -5711,1
337,8679 -5534,65
337,8709 -5395,076
337,8739 -5262,432
337,8769 -5090,753
337,8799 -4973,211
337,8829 -4845,099
337,8859 -4715,497
337,8889 -4588,705
337,8919 -4475,163
337,8949 -4388,91
337,8979 -4272,876
337,9009 -4159,473
337,9039 -4030,663
337,9069 -3938,479
337,9099 -3831,274
337,9129 -3718,811
337,9159 -3625,271
337,9189 -3563,951
337,9219 -3470,742
337,9249 -3397,946
337,9279 -3314,521
337,9309 -3255,434
337,9339 -3140,171
337,937 -3084,521
337,9399 -3012,796
337,9429 -2925,986
337,946 -2874,842
337,9489 -2794,113
337,952 -2775,637
337,955 -2692,895
337,9579 -2626,989
337,961 -2576,835
337,964 -2529,059
337,967 -2468,493
337,97 -2431,074
337,973 -2367,843
337,976 -2328,522
337,979 -2275,108
337,982 -2225,964
337,985 -2203,929
337,988 -2144,764
337,991 -2096,263
337,994 -2060,406
337,997 -2010,752
338 -1979,829
338,003 -1943,715
338,006 -1896,927
338,009 -1872,013
338,012 -1820,036
338,015 -1793,628
338,018 -1761,138
338,021 -1717,522
338,024 -1678,419
338,027 -1655,735
338,03 -1639,446
338,033 -1601,203
338,036 -1557,801
338,039 -1540,692
338,0421 -1513,192
338,045 -1471,806
338,048 -1440,157
338,0511 -1440,371
338,054 -1431,378
338,0571 -1406,048
338,0601 -1361,307
338,063 -1325,813
338,0661 -1318,925
338,0691 -1295,63
338,0721 -1295,095
338,0751 -1266,552
338,0781 -1231,252
338,0811 -1211,063
338,0841 -1182,105
338,0871 -1179,965
338,0901 -1169,012
338,0931 -1132,213
338,0961 -1119,32
338,0991 -1085,751
338,1021 -1068,198
338,1051 -1059,403
338,1081 -1048,726
338,1111 -1026,235
338,1141 -1027,629
338,1171 -996,4106
338,1201 -971,172
338,1231 -960,2873
338,1261 -957,3953
338,1291 -924,6514
338,1321 -933,4265
338,1351 -898,7411
338,1382 -887,4011
338,1411 -871,9583
338,1441 -863,9037
338,1472 -882,7699
338,1501 -856,0446
338,1532 -830,194
338,1562 -824,4401
338,1591 -818,3773
338,1622 -812,2062
338,1652 -800,3803
338,1682 -758,0143
338,1712 -750,6108
338,1742 -750,9625
338,1772 -734,8437
338,1802 -731,8875
338,1832 -713,9299
338,1862 -715,6899
338,1892 -699,3207
338,1922 -692,164
338,1952 -701,956
338,1982 -657,7134
338,2012 -682,6873
338,2042 -669,2703
338,2072 -649,5418
338,2102 -649,5141
338,2132 -630,6008
338,2162 -638,0938
338,2192 -628,394
338,2222 -610,9144
338,2252 -596,0035
338,2282 -599,1079
338,2312 -572,1847
338,2342 -559,902
338,2372 -571,1556
338,2402 -557,903
338,2433 -546,035
338,2462 -537,0339
338,2492 -529,6479
338,2523 -528,4193
338,2552 -527,0731
338,2583 -529,6765
338,2613 -510,8678
338,2643 -520,2421
338,2673 -511,4079
338,2703 -501,0573
338,2733 -488,9596
338,2763 -496,4951
338,2793 -487,1218
338,2823 -496,0393
338,2853 -479,4043
338,2883 -464,5371
338,2913 -457,8655
338,2943 -456,2422
338,2973 -454,0302
338,3003 -443,0729
338,3033 -445,9989
338,3063 -437,5669
338,3093 -464,5442
338,3123 -429,4395
338,3153 -420,6418
338,3183 -420,7343
338,3213 -393,08
338,3243 -391,0417
338,3273 -405,9146
338,3303 -397,4904
338,3333 -384,3754
338,3363 -377,3022
338,3393 -392,6621
338,3423 -373,3324
338,3453 -363,8576
338,3484 -373,1324
338,3513 -362,2906
338,3543 -365,8529
338,3574 -342,6573
338,3604 -356,6285
338,3634 -352,28
338,3664 -339,8883
338,3694 -351,4208
338,3724 -331,6373
338,3754 -327,9502
338,3784 -331,4588
338,3814 -325,7154
338,3844 -347,128
338,3874 -321,4954
338,3904 -322,2647
338,3934 -304,5433
338,3964 -317,1855
338,3994 -310,2516
338,4024 -305,286
338,4054 -296,5533
338,4084 -294,2932
338,4114 -306,1316
338,4144 -296,9996
338,4174 -275,1173
338,4204 -300,6581
338,4234 -275,6723
338,4264 -293,0989
338,4294 -276,7668
338,4324 -268,0445
338,4354 -267,1498
338,4384 -300,8677
338,4414 -278,7193
338,4445 -273,0246
338,4474 -260,4357
338,4504 -277,7331
338,4535 -238,3563
338,4565 -257,073
338,4595 -266,9824
338,4625 -242,5021
338,4655 -255,7601
338,4685 -244,4551
338,4715 -255,0982
338,4745 -246,0867
338,4775 -244,1028
338,4805 -246,963
338,4835 -237,2459
338,4865 -249,2004
338,4895 -220,3629
338,4925 -243,7686
338,4955 -235,4412
338,4985 -222,1586
338,5015 -227,5502
338,5045 -222,5558
338,5075 -223,5951
338,5105 -208,3925
338,5135 -214,2051
338,5165 -211,4606
338,5195 -211,6676
338,5225 -207,9267
338,5255 -209,0198
338,5285 -206,4742
338,5315 -221,599
338,5345 -199,1752
338,5375 -195,5525
338,5405 -199,7699
338,5435 -207,2049
338,5465 -205,3427
338,5496 -212,9898
338,5526 -198,3062
338,5555 -198,715
338,5586 -189,8626
338,5616 -191,5262
338,5646 -202,6777
338,5676 -199,5136
338,5706 -174,4524
338,5736 -181,7783
338,5766 -191,9486
338,5796 -184,7674
338,5826 -178,6204
338,5856 -189,0151
338,5886 -165,2403
338,5916 -192,9588
338,5946 -195,6021
338,5976 -172,4675
338,6006 -170,8951
338,6036 -174,6345
338,6066 -165,2981
338,6096 -168,0968
338,6126 -192,0979
338,6156 -164,946
338,6186 -174,3342
338,6216 -173,7334
338,6246 -173,868
338,6276 -177,1829
338,6306 -146,0365
338,6336 -166,7902
338,6366 -156,8673
338,6396 -162,0822
338,6426 -163,0367
338,6457 -158,6168
338,6487 -142,8462
338,6516 -153,6635
338,6547 -147,8673
338,6577 -156,8177
338,6607 -165,7438
338,6637 -140,0416
338,6667 -164,8001
338,6697 -137,6077
338,6727 -148,3212
338,6757 -157,4195
338,6787 -131,4759
338,6817 -145,9741
338,6847 -158,6068
338,6877 -120,7958
338,6907 -136,03
338,6937 -130,8248
338,6967 -125,1454
338,6997 -131,3299
338,7027 -142,7796
338,7057 -142,0122
338,7087 -115,6223
338,7117 -128,2178
338,7147 -131,5916
338,7177 -145,5301
338,7207 -129,2975
338,7237 -134,457
338,7267 -147,1842
338,7297 -134,8728
338,7327 -135,5817
338,7357 -126,4461
338,7387 -127,9899
338,7417 -110,6106
338,7448 -141,6711
338,7477 -126,5955
338,7508 -121,8354
338,7538 -129,2558
338,7567 -131,2815
338,7598 -120,6129
338,7628 -114,6344
338,7658 -117,4927
338,7688 -135,8447
338,7718 -109,2593
338,7748 -127,5587
338,7778 -113,3845
338,7808 -132,5457
338,7838 -112,482
338,7868 -126,5508
338,7898 -126,4901
338,7928 -120,4557
338,7958 -116,9396
338,7988 -92,75663
338,8018 -122,1136
338,8048 -122,7563
338,8078 -100,8627
338,8108 -106,4428
338,8138 -109,0264
338,8168 -109,3656
338,8198 -97,34859
338,8228 -100,8828
338,8258 -112,2897
338,8288 -96,33067
338,8318 -121,5216
338,8348 -103,3102
338,8378 -119,5065
338,8409 -95,70689
338,8438 -86,56615
338,8468 -92,91904
338,8499 -91,46966
338,8528 -108,7199
338,8559 -104,1866
338,8589 -107,3799
338,8618 -118,032
338,8649 -94,28101
338,8679 -93,45367
338,8709 -99,32555
338,8739 -105,5126
338,8769 -90,74862
338,8799 -95,40453
338,8829 -107,7278
338,8859 -84,78337
338,8889 -99,50464
338,8919 -98,20166
338,8949 -106,1197
338,8979 -94,09485
338,9009 -86,78491
338,9039 -90,3775
338,9069 -78,01669
338,9099 -94,7836
338,9129 -77,40391
338,9159 -99,74789
338,9189 -89,79585
338,9219 -74,38855
338,9249 -93,51096
338,9279 -97,96637
338,9309 -93,3546
338,9339 -90,522
338,937 -95,84168
338,9399 -88,25362
338,9429 -100,3136
338,946 -89,60735
338,9489 -69,06993
338,952 -92,14056
338,955 -81,27462
338,9579 -62,25072
338,961 -78,13914
338,964 -99,00639
338,967 -81,29034
338,97 -79,52113
338,973 -95,63351
338,976 -71,97136
338,979 -76,45077
338,982 -87,60489
338,985 -75,93922
338,988 -83,6597
338,991 -96,39613
338,994 -76,52171
338,997 -72,19077
339 -76,01181
