336 13,10946
336,003 -12,79059
336,006 5,542875
336,009 -14,35645
336,012 -20,56424
336,015 3,105392
336,018 15,06544
336,021 7,661004
336,024 10,00356
336,027 -5,554298
336,03 11,0259
336,033 13,55497
336,036 7,098353
336,039 11,51235
336,0421 11,93029
336,045 -5,053411
336,048 0,7418882
336,0511 8,419662
336,054 7,012954
336,0571 0,8678907
336,0601 1,322677
336,063 -6,591754
336,0661 12,2431
336,0691 5,239728
336,0721 -7,052574
336,0751 17,91699
336,0781 -7,332274
336,0811 3,201608
336,0841 13,72241
336,0871 14,3008
336,0901 -5,67283
336,0931 34,40287
336,0961 -2,957999
336,0991 21,16036
336,1021 17,26006
336,1051 4,12077
336,1081 15,34992
336,1111 3,68768
336,1141 7,764738
336,1171 14,33911
336,1201 11,03991
336,1231 21,59896
336,1261 -3,888948
336,1291 29,47786
336,1321 9,244536
336,1351 19,4565
336,1382 0,5971949
336,1411 25,45459
336,1441 0,4720763
336,1472 28,64983
336,1501 12,37327
336,1532 14,22574
336,1562 33,18348
336,1591 0,2838259
336,1622 40,15265
336,1652 10,10459
336,1682 8,266849
336,1712 32,41334
336,1742 17,33731
336,1772 31,49621
336,1802 15,69382
336,1832 29,28802
336,1862 27,85501
336,1892 4,395457
336,1922 31,75391
336,1952 29,35738
336,1982 37,60635
336,2012 29,71043
336,2042 27,34888
336,2072 35,63302
336,2102 15,53135
336,2132 18,38021
336,2162 33,46832
336,2192 26,52669
336,2222 21,19591
336,2252 34,37436
336,2282 36,78815
336,2312 29,14292
336,2342 33,51723
336,2372 35,11294
336,2402 53,72878
336,2433 37,64027
336,2462 27,17159
336,2492 29,94839
336,2523 34,65886
336,2552 40,5942
336,2583 39,57854
336,2613 31,71814
336,2643 30,67181
336,2673 44,59382
336,2703 24,99679
336,2733 18,162
336,2763 47,45575
336,2793 47,15398
336,2823 56,48098
336,2853 56,3871
336,2883 35,23802
336,2913 53,50076
336,2943 50,70459
336,2973 67,34885
336,3003 70,12409
336,3033 71,35076
336,3063 51,43663
336,3093 62,21684
336,3123 36,52978
336,3153 47,23331
336,3183 59,15864
336,3213 61,03806
336,3243 36,75865
336,3273 29,53346
336,3303 52,75754
336,3333 48,73454
336,3363 52,94213
336,3393 74,25394
336,3423 59,63544
336,3453 62,37186
336,3484 55,26764
336,3513 76,14806
336,3543 72,26124
336,3574 65,06535
336,3604 48,1786
336,3634 76,47855
336,3664 51,22359
336,3694 72,64265
336,3724 71,75116
336,3754 70,58742
336,3784 61,693
336,3814 57,48589
336,3844 70,07358
336,3874 82,85824
336,3904 72,8307
336,3934 75,23217
336,3964 87,31008
336,3994 58,45755
336,4024 65,02892
336,4054 76,09686
336,4084 96,98093
336,4114 82,35716
336,4144 78,95222
336,4174 90,21275
336,4204 84,30032
336,4234 68,61788
336,4264 79,36939
336,4294 77,63704
336,4324 103,6037
336,4354 95,33212
336,4384 94,15837
336,4414 102,5627
336,4445 103,3688
336,4474 122,4681
336,4504 99,03764
336,4535 109,5052
336,4565 92,46564
336,4595 102,9187
336,4625 87,76925
336,4655 94,98899
336,4685 112,439
336,4715 103,7197
336,4745 98,52827
336,4775 109,0063
336,4805 121,1301
336,4835 114,0802
336,4865 116,4093
336,4895 117,0184
336,4925 105,2524
336,4955 114,6258
336,4985 136,9802
336,5015 111,5279
336,5045 109,6398
336,5075 125,8503
336,5105 130,7243
336,5135 119,337
336,5165 140,3354
336,5195 145,6739
336,5225 120,1257
336,5255 142,3625
336,5285 136,5
336,5315 141,3086
336,5345 135,7933
336,5375 128,8943
336,5405 144,4207
336,5435 155,2505
336,5465 152,1173
336,5496 165,8853
336,5526 161,3131
336,5555 149,3187
336,5586 159,599
336,5616 175,7032
336,5646 171,8907
336,5676 142,3178
336,5706 157,0249
336,5736 159,9979
336,5766 171,6165
336,5796 162,979
336,5826 168,5753
336,5856 162,5879
336,5886 171,6465
336,5916 192,1187
336,5946 167,2859
336,5976 196,8608
336,6006 184,4884
336,6036 163,7503
336,6066 212,1842
336,6096 210,1312
336,6126 195,4899
336,6156 193,7721
336,6186 183,0591
336,6216 185,8362
336,6246 205,2562
336,6276 212,8038
336,6306 203,407
336,6336 225,7951
336,6366 202,0906
336,6396 205,9173
336,6426 214,9999
336,6457 212,6682
336,6487 233,046
336,6516 238,9986
336,6547 221,9579
336,6577 240,6165
336,6607 231,5211
336,6637 236,9985
336,6667 257,0215
336,6697 252,4762
336,6727 235,7884
336,6757 256,1552
336,6787 253,1548
336,6817 252,2011
336,6847 265,0447
336,6877 253,901
336,6907 254,2762
336,6937 285,024
336,6967 271,8777
336,6997 275,9435
336,7027 269,4198
336,7057 289,3353
336,7087 282,4681
336,7117 294,7625
336,7147 282,1445
336,7177 305,8445
336,7207 303,4867
336,7237 321,7785
336,7267 294,3989
336,7297 321,6572
336,7327 321,2011
336,7357 318,2082
336,7387 320,6772
336,7417 316,8856
336,7448 351,5883
336,7477 334,3202
336,7508 334,1431
336,7538 336,3773
336,7567 363,2335
336,7598 354,8013
336,7628 361,4832
336,7658 383,8415
336,7688 373,6238
336,7718 374,1048
336,7748 391,5714
336,7778 399,7003
336,7808 396,9259
336,7838 396,3534
336,7868 397,9007
336,7898 402,7173
336,7928 397,655
336,7958 417,7387
336,7988 431,8332
336,8018 432,3171
336,8048 439,7918
336,8078 436,0891
336,8108 447,6241
336,8138 444,2126
336,8168 452,3177
336,8198 453,0443
336,8228 462,6523
336,8258 462,8032
336,8288 463,3109
336,8318 496,8224
336,8348 513,2318
336,8378 505,5079
336,8409 505,3098
336,8438 533,3598
336,8468 516,397
336,8499 534,884
336,8528 543,0947
336,8559 534,9462
336,8589 568,9208
336,8618 584,7623
336,8649 570,1591
336,8679 571,9158
336,8709 601,3521
336,8739 594,2803
336,8769 607,8846
336,8799 603,1353
336,8829 632,3288
336,8859 623,6384
336,8889 642,9298
336,8919 618,142
336,8949 663,9667
336,8979 670,955
336,9009 691,4903
336,9039 684,7816
336,9069 700,2015
336,9099 696,4136
336,9129 715,778
336,9159 723,3545
336,9189 736,3375
336,9219 743,5518
336,9249 766,8702
336,9279 787,788
336,9309 785,868
336,9339 824,6032
336,937 805,8568
336,9399 816,3207
336,9429 836,9078
336,946 862,3103
336,9489 867,605
336,952 878,1254
336,955 893,9254
336,9579 905,7509
336,961 911,6268
336,964 924,3951
336,967 956,2162
336,97 967,9274
336,973 980,4327
336,976 980,1083
336,979 993,2254
336,982 1024,235
336,985 1044,117
336,988 1054,554
336,991 1093,425
336,994 1101,267
336,997 1114,758
337 1126,785
337,003 1153,671
337,006 1186,457
337,009 1198,039
337,012 1214,216
337,015 1230,372
337,018 1245,537
337,021 1251,985
337,024 1285,275
337,027 1334,065
337,03 1333,676
337,033 1346,105
337,036 1401,36
337,039 1405,263
337,0421 1443,595
337,045 1458,594
337,048 1473,828
337,0511 1517,495
337,054 1531,476
337,0571 1580,855
337,0601 1614,136
337,063 1645,606
337,0661 1638,063
337,0691 1687,123
337,0721 1727,229
337,0751 1746,296
337,0781 1778,059
337,0811 1824,375
337,0841 1852,557
337,0871 1882,893
337,0901 1918,302
337,0931 1956,927
337,0961 1984,608
337,0991 2038,832
337,1021 2074,553
337,1051 2120,949
337,1081 2148,358
337,1111 2202,913
337,1141 2252,093
337,1171 2288,872
337,1201 2336,554
337,1231 2382,402
337,1261 2434,195
337,1291 2488,171
337,1321 2548,893
337,1351 2585,991
337,1382 2641,405
337,1411 2702,779
337,1441 2759,853
337,1472 2816,063
337,1501 2879,957
337,1532 2942,044
337,1562 3026,009
337,1591 3101,667
337,1622 3158,054
337,1652 3214,428
337,1682 3281,472
337,1712 3371,213
337,1742 3457,471
337,1772 3553,065
337,1802 3607,561
337,1832 3702,593
337,1862 3776,419
337,1892 3877,781
337,1922 3987,514
337,1952 4084,593
337,1982 4196,283
337,2012 4311,872
337,2042 4402,349
337,2072 4505,019
337,2102 4612,967
337,2132 4725,246
337,2162 4836,069
337,2192 4978,701
337,2222 5114,256
337,2252 5227,376
337,2282 5388,643
337,2312 5523,05
337,2342 5644,807
337,2372 5814,239
337,2402 5955,701
337,2433 6121,734
337,2462 6315,411
337,2492 6516,21
337,2523 6693,924
337,2552 6853,682
337,2583 7055,388
337,2613 7267,894
337,2643 7459,84
337,2673 7630,028
337,2703 7888,878
337,2733 8149,942
337,2763 8388,33
337,2793 8635,354
337,2823 8904,485
337,2853 9207,67
337,2883 9530,661
337,2913 9792,402
337,2943 10106,94
337,2973 10424,3
337,3003 10753,75
337,3033 11114,87
337,3063 11520,08
337,3093 11875,6
337,3123 12228,65
337,3153 12689,96
337,3183 13132,61
337,3213 13514,86
337,3243 13994,41
337,3273 14482,21
337,3303 14991,87
337,3333 15551,37
337,3363 16153,56
337,3393 16681,77
337,3423 17126,9
337,3453 17809,72
337,3484 18401,95
337,3513 19084,6
337,3543 19791,6
337,3574 20496,18
337,3604 21189,6
337,3634 21975,5
337,3664 22813,89
337,3694 23587,43
337,3724 24452,79
337,3754 25461,29
337,3784 26506,85
337,3814 27361,14
337,3844 28332,13
337,3874 29390,71
337,3904 30494,94
337,3934 31415,12
337,3964 32265,89
337,3994 33442,64
337,4024 34465,42
337,4054 35559,23
337,4084 36564,43
337,4114 37610,34
337,4144 38711,74
337,4174 39636,72
337,4204 40545,93
337,4234 41521,46
337,4264 42360,3
337,4294 43190,6
337,4324 43833,87
337,4354 44474,32
337,4384 45128,86
337,4414 45637,43
337,4445 46105,54
337,4474 46507,54
337,4504 46845,61
337,4535 47087,48
337,4565 47212,86
337,4595 47260,45
337,4625 47234,46
337,4655 47130,55
337,4685 46880,1
337,4715 46556,87
337,4745 46151,88
337,4775 45573,14
337,4805 44899,19
337,4835 44117,79
337,4865 43271,74
337,4895 42359,95
337,4925 41343,48
337,4955 40140,17
337,4985 38852,75
337,5015 37640,07
337,5045 36194,13
337,5075 34689,79
337,5105 32921,57
337,5135 31274,72
337,5165 29629,82
337,5195 27565,23
337,5225 25748,95
337,5255 23666,97
337,5285 21658,72
337,5315 19457,38
337,5345 17158,12
337,5375 14905,72
337,5405 12735,63
337,5435 10348,88
337,5465 7182,731
337,5496 4840,53
337,5526 1957,799
337,5555 -567,9238
337,5586 -3375,522
337,5616 -5793,593
337,5646 -7951,575
337,5676 -10280,01
337,5706 -12261,16
337,5736 -14229,41
337,5766 -16945,23
337,5796 -18728,27
337,5826 -20439,74
337,5856 -22117,55
337,5886 -23492,72
337,5916 -25183,61
337,5946 -26706,54
337,5976 -27960,05
337,6006 -29440,52
337,6036 -30572,42
337,6066 -31809,93
337,6096 -32881,93
337,6126 -33737,98
337,6156 -34685,59
337,6186 -35534,18
337,6216 -36163,69
337,6246 -36785,77
337,6276 -37363,05
337,6306 -37788,42
337,6336 -38214,13
337,6366 -38729,8
337,6396 -39035,12
337,6426 -39234,32
337,6457 -39502,63
337,6487 -39615,57
337,6516 -39655,79
337,6547 -39829,34
337,6577 -39805,44
337,6607 -39732,85
337,6637 -39755,04
337,6667 -39645,68
337,6697 -39441,75
337,6727 -39264,21
337,6757 -39133,3
337,6787 -38834,68
337,6817 -38514,41
337,6847 -38252,28
337,6877 -37864,52
337,6907 -37608,54
337,6937 -37160,09
337,6967 -36724,96
337,6997 -36271,06
337,7027 -35769,17
337,7057 -35220,82
337,7087 -34692,29
337,7117 -34164,98
337,7147 -33576,68
337,7177 -32971,27
337,7207 -32407,06
337,7237 -31822,57
337,7267 -31064,39
337,7297 -30371,4
337,7327 -29593,09
337,7357 -28990,6
337,7387 -28315,99
337,7417 -27729,3
337,7448 -27044,38
337,7477 -26351,08
337,7508 -25592,73
337,7538 -24869,69
337,7567 -24186,47
337,7598 -23547,91
337,7628 -23040
337,7658 -22337,96
337,7688 -21717,24
337,7718 -21059,06
337,7748 -20408,56
337,7778 -19867,95
337,7808 -19265,91
337,7838 -18672,36
337,7868 -18170,65
337,7898 -17680,87
337,7928 -17142,7
337,7958 -16634,48
337,7988 -16163,72
337,8018 -15760,9
337,8048 -15260,49
337,8078 -14794,13
337,8108 -14416,17
337,8138 -13992,64
337,8168 -13645,9
337,8198 -13176,76
337,8228 -12740,93
337,8258 -12357,32
337,8288 -12039,7
337,8318 -11767,86
337,8348 -11377,57
337,8378 -10998,88
337,8409 -10708,37
337,8438 -10362,52
337,8468 -10061,99
337,8499 -9805,345
337,8528 -9487,236
337,8559 -9227,716
337,8589 -9014,09
337,8618 -8717,353
337,8649 -8508,78
337,8679 -8239,249
337,8709 -8058,728
337,8739 -7825,218
337,8769 -7594,313
337,8799 -7386,106
337,8829 -7198,419
337,8859 -7022,452
337,8889 -6855,458
337,8919 -6677,341
337,8949 -6560,043
337,8979 -6344,25
337,9009 -6176,506
337,9039 -6028,191
337,9069 -5846,837
337,9099 -5749,591
337,9129 -5582,99
337,9159 -5454,879
337,9189 -5292,308
337,9219 -5192,914
337,9249 -5069,169
337,9279 -4885,191
337,9309 -4812,244
337,9339 -4703,807
337,937 -4586,626
337,9399 -4480,391
337,9429 -4399,293
337,946 -4295,255
337,9489 -4196,231
337,952 -4079,908
337,955 -3998,469
337,9579 -3921,868
337,961 -3822,536
337,964 -3761,041
337,967 -3673,33
337,97 -3586,857
337,973 -3539,566
337,976 -3439,432
337,979 -3364,96
337,982 -3281,054
337,985 -3221,664
337,988 -3157,261
337,991 -3081,551
337,994 -3032,251
337,997 -2974,092
338 -2888,496
338,003 -2855,831
338,006 -2815,52
338,009 -2770,444
338,012 -2708,612
338,015 -2655,772
338,018 -2608,027
338,021 -2542,13
338,024 -2500,853
338,027 -2470,696
338,03 -2411,64
338,033 -2344,955
338,036 -2320,745
338,039 -2275,298
338,0421 -2224,918
338,045 -2183,271
338,048 -2164,918
338,0511 -2103,762
338,054 -2065,237
338,0571 -2043,599
338,0601 -2019,413
338,063 -1991,347
338,0661 -1937,402
338,0691 -1902,896
338,0721 -1866,68
338,0751 -1850,829
338,0781 -1837,475
338,0811 -1779,886
338,0841 -1757,874
338,0871 -1729,916
338,0901 -1689,827
338,0931 -1683,452
338,0961 -1654,96
338,0991 -1605,165
338,1021 -1592,284
338,1051 -1589,557
338,1081 -1532,99
338,1111 -1515,512
338,1141 -1502,316
338,1171 -1458,791
338,1201 -1447,166
338,1231 -1432,359
338,1261 -1424,841
338,1291 -1382,749
338,1321 -1349,937
338,1351 -1340,756
338,1382 -1329,175
338,1411 -1305,472
338,1441 -1301,297
338,1472 -1266,489
338,1501 -1251,477
338,1532 -1223,46
338,1562 -1231,259
338,1591 -1210,196
338,1622 -1175,625
338,1652 -1158,18
338,1682 -1140,907
338,1712 -1137,276
338,1742 -1113,259
338,1772 -1092,647
338,1802 -1068,899
338,1832 -1059,986
338,1862 -1050,733
338,1892 -1042,919
338,1922 -1032,699
338,1952 -1014,241
338,1982 -1007,203
338,2012 -971,8144
338,2042 -973,6304
338,2072 -968,5643
338,2102 -946,1271
338,2132 -931,1919
338,2162 -926,5037
338,2192 -924,7429
338,2222 -892,7175
338,2252 -889,368
338,2282 -868,3469
338,2312 -868,8886
338,2342 -868,615
338,2372 -827,4621
338,2402 -851,0261
338,2433 -835,0714
338,2462 -816,7762
338,2492 -817,2948
338,2523 -793,2657
338,2552 -789,3532
338,2583 -788,9835
338,2613 -780,3635
338,2643 -760,921
338,2673 -757,7814
338,2703 -750,3162
338,2733 -726,6563
338,2763 -729,252
338,2793 -717,9353
338,2823 -699,4934
338,2853 -704,1769
338,2883 -696,322
338,2913 -685,0579
338,2943 -685,426
338,2973 -672,5999
338,3003 -668,5591
338,3033 -650,4722
338,3063 -640,947
338,3093 -647,7575
338,3123 -644,1115
338,3153 -629,4748
338,3183 -623,7903
338,3213 -618,9858
338,3243 -608,8741
338,3273 -608,3619
338,3303 -603,1517
338,3333 -599,0456
338,3363 -579,2322
338,3393 -572,4389
338,3423 -569,6055
338,3453 -573,5419
338,3484 -554,7121
338,3513 -552,6704
338,3543 -547,557
338,3574 -531,6824
338,3604 -528,3429
338,3634 -539,0105
338,3664 -533,5789
338,3694 -519,5829
338,3724 -504,5323
338,3754 -499,8603
338,3784 -491,2203
338,3814 -505,6371
338,3844 -498,775
338,3874 -490,7779
338,3904 -487,229
338,3934 -501,0051
338,3964 -481,0042
338,3994 -473,0348
338,4024 -445,9624
338,4054 -461,4902
338,4084 -464,3028
338,4114 -450,0789
338,4144 -446,427
338,4174 -439,0483
338,4204 -426,8824
338,4234 -429,9396
338,4264 -437,2152
338,4294 -444,0128
338,4324 -425,9081
338,4354 -426,8636
338,4384 -420,8035
338,4414 -415,8953
338,4445 -408,4011
338,4474 -404,2158
338,4504 -414,887
338,4535 -395,4493
338,4565 -381,6966
338,4595 -392,9625
338,4625 -403,425
338,4655 -375,6742
338,4685 -376,7652
338,4715 -383,0649
338,4745 -354,2133
338,4775 -364,7365
338,4805 -361,7208
338,4835 -360,9316
338,4865 -358,7174
338,4895 -350,5324
338,4925 -364,2863
338,4955 -350,7253
338,4985 -332,4783
338,5015 -358,4192
338,5045 -362,4553
338,5075 -344,6494
338,5105 -322,2422
338,5135 -324,5254
338,5165 -325,1348
338,5195 -309,877
338,5225 -299,4534
338,5255 -322,1017
338,5285 -307,35
338,5315 -319,9955
338,5345 -318,7239
338,5375 -310,9299
338,5405 -324,9363
338,5435 -335,64
338,5465 -324,2662
338,5496 -304,6036
338,5526 -306,4243
338,5555 -317,8438
338,5586 -306,1249
338,5616 -312,3091
338,5646 -319,7483
338,5676 -308,8663
338,5706 -315,7453
338,5736 -288,7457
338,5766 -300,6989
338,5796 -287,9117
338,5826 -289,6856
338,5856 -284,9895
338,5886 -278,9753
338,5916 -278,0481
338,5946 -275,8737
338,5976 -283,4514
338,6006 -278,4367
338,6036 -282,0859
338,6066 -265,0704
338,6096 -279,8211
338,6126 -276,1951
338,6156 -275,6821
338,6186 -248,2199
338,6216 -259,7595
338,6246 -257,1683
338,6276 -249,9147
338,6306 -253,2493
338,6336 -243,256
338,6366 -241,7887
338,6396 -257,7783
338,6426 -247,5973
338,6457 -242,2469
338,6487 -246,4004
338,6516 -268,4333
338,6547 -224,0258
338,6577 -239,4063
338,6607 -247,1172
338,6637 -247,0738
338,6667 -242,6156
338,6697 -232,2421
338,6727 -249,6162
338,6757 -230,6747
338,6787 -240,1998
338,6817 -249,124
338,6847 -251,8544
338,6877 -228,3794
338,6907 -217,3253
338,6937 -225,0051
338,6967 -216,2588
338,6997 -233,7959
338,7027 -218,9562
338,7057 -217,2838
338,7087 -209,8694
338,7117 -211,4207
338,7147 -223,0762
338,7177 -225,5428
338,7207 -220,2779
338,7237 -211,3852
338,7267 -210,6532
338,7297 -183,8078
338,7327 -208,2451
338,7357 -211,4455
338,7387 -224,4109
338,7417 -211,2971
338,7448 -189,2069
338,7477 -210,6635
338,7508 -203,3976
338,7538 -198,0016
338,7567 -206,1449
338,7598 -213,9352
338,7628 -220,4654
338,7658 -191,3472
338,7688 -201,9156
338,7718 -183,9982
338,7748 -205,0003
338,7778 -211,811
338,7808 -203,2886
338,7838 -200,2051
338,7868 -202,033
338,7898 -198,3649
338,7928 -193,0571
338,7958 -198,5964
338,7988 -191,2475
338,8018 -188,8097
338,8048 -174,8567
338,8078 -182,468
338,8108 -181,1891
338,8138 -191,238
338,8168 -204,6903
338,8198 -192,3748
338,8228 -178,1544
338,8258 -173,8279
338,8288 -173,9276
338,8318 -194,1451
338,8348 -168,3037
338,8378 -189,7517
338,8409 -194,1778
338,8438 -173,7191
338,8468 -178,4994
338,8499 -162,4094
338,8528 -166,6873
338,8559 -162,8746
338,8589 -167,2999
338,8618 -188,1748
338,8649 -174,5864
338,8679 -170,1615
338,8709 -179,9744
338,8739 -169,8622
338,8769 -162,7643
338,8799 -170,672
338,8829 -158,1689
338,8859 -169,3333
338,8889 -155,571
338,8919 -170,307
338,8949 -161,9014
338,8979 -133,097
338,9009 -155,1194
338,9039 -137,819
338,9069 -159,0809
338,9099 -174,3499
338,9129 -153,2867
338,9159 -162,7104
338,9189 -176,0651
338,9219 -147,441
338,9249 -156,6734
338,9279 -143,2238
338,9309 -140,4118
338,9339 -160,0658
338,937 -154,0482
338,9399 -134,6742
338,9429 -171,7199
338,946 -162,047
338,9489 -135,7955
338,952 -125,7017
338,955 -139,238
338,9579 -143,685
338,961 -166,8885
338,964 -146,0515
338,967 -147,0733
338,97 -154,9513
338,973 -156,787
338,976 -145,5995
338,979 -152,4604
338,982 -159,8292
338,985 -128,1854
338,988 -139,4263
338,991 -152,2793
338,994 -142,7238
338,997 -145,8804
339 -128,2064