
336,003 -13,71186
336,006 -15,19851
336,009 -0,9680945
336,012 -22,05907
336,015 -17,5169
336,018 -12,30812
336,021 -1,487262
336,024 -15,326
336,027 -16,27035
336,03 -24,40355
336,033 -8,280273
336,036 -6,696303
336,039 -23,30889
336,0421 -4,935621
336,045 39,36181
336,048 -37,56185
336,0511 -3,400677
336,054 -6,344911
336,0571 -16,58896
336,0601 -17,87149
336,063 -11,89987
336,0661 -2,576618
336,0691 -17,13664
336,0721 -13,26184
336,0751 -15,40866
336,0781 4,265841
336,0811 -7,985282
336,0841 -16,01653
336,0871 -13,87576
336,0901 -7,094558
336,0931 -2,939482
336,0961 4,894186
336,0991 10,07952
336,1021 5,982128
336,1051 -15,26096
336,1081 -11,24075
336,1111 -5,670639
336,1141 -2,803287
336,1171 -12,42344
336,1201 6,577811
336,1231 -13,3045
336,1261 -29,56688
336,1291 4,657548
336,1321 -5,937348
336,1351 -1,706927
336,1382 11,18077
336,1411 4,566686
336,1441 0,4862518
336,1472 -5,075169
336,1501 8,72826
336,1532 9,049825
336,1562 -0,1341836
336,1591 -10,6587
336,1622 26,11478
336,1652 -7,23746
336,1682 -1,650297
336,1712 -0,9292954
336,1742 1,789383
336,1772 -4,863349
336,1802 8,274824
336,1832 -7,04582
336,1862 26,53708
336,1892 -0,2516414
336,1922 -11,95846
336,1952 6,696854
336,1982 -1,903206
336,2012 -5,268409
336,2042 19,65976
336,2072 -12,31707
336,2102 -4,162543
336,2132 -5,230198
336,2162 -19,86651
336,2192 -8,465978
336,2222 18,07933
336,2252 0,2631958
336,2282 9,399961
336,2312 9,599998
336,2342 -2,923423
336,2372 -1,395527
336,2402 16,61172
336,2433 0,1426049
336,2462 5,792794
336,2492 -2,234027
336,2523 5,143339
336,2552 10,91551
336,2583 11,37176
336,2613 -4,655548
336,2643 4,891171
336,2673 24,52461
336,2703 16,55165
336,2733 21,10691
336,2763 37,07864
336,2793 1,151067
336,2823 11,87884
336,2853 15,04673
336,2883 18,76628
336,2913 13,87297
336,2943 2,645171
336,2973 24,61712
336,3003 25,27058
336,3033 6,198264
336,3063 -11,28178
336,3093 15,86697
336,3123 13,5122
336,3153 16,60582
336,3183 9,667542
336,3213 11,44471
336,3243 23,20285
336,3273 10,83414
336,3303 18,39072
336,3333 17,29751
336,3363 20,97328
336,3393 17,28296
336,3423 37,71161
336,3453 27,78106
336,3484 32,42776
336,3513 14,07381
336,3543 14,65205
336,3574 1,706562
336,3604 -1,891279
336,3634 19,78224
336,3664 17,0252
336,3694 15,33384
336,3724 28,92569
336,3754 10,13165
336,3784 32,84339
336,3814 39,53211
336,3844 18,00769
336,3874 69,9568
336,3904 27,80311
336,3934 -3,117108
336,3964 31,28673
336,3994 19,95353
336,4024 41,86042
336,4054 21,74541
336,4084 18,62808
336,4114 5,712486
336,4144 35,96404
336,4174 18,29633
336,4204 32,91695
336,4234 24,88725
336,4264 57,90858
336,4294 29,95617
336,4324 31,69422
336,4354 22,67631
336,4384 34,11538
336,4414 28,72553
336,4445 27,4814
336,4474 31,73512
336,4504 52,78412
336,4535 26,37055
336,4565 33,55972
336,4595 59,0913
336,4625 15,3182
336,4655 54,8115
336,4685 14,31828
336,4715 45,88661
336,4745 62,3146
336,4775 39,34299
336,4805 32,56415
336,4835 45,15702
336,4865 36,61544
336,4895 25,56547
336,4925 30,67354
336,4955 38,88548
336,4985 42,35326
336,5015 29,20343
336,5045 38,06273
336,5075 18,97262
336,5105 48,96233
336,5135 42,64327
336,5165 35,23677
336,5195 33,92635
336,5225 49,43333
336,5255 46,53404
336,5285 41,02771
336,5315 55,94413
336,5345 15,227
336,5375 51,1938
336,5405 60,85887
336,5435 39,48966
336,5465 31,18537
336,5496 46,20284
336,5526 57,22621
336,5555 48,90632
336,5586 59,22607
336,5616 21,78751
336,5646 64,67605
336,5676 84,34743
336,5706 69,07313
336,5736 38,37864
336,5766 79,0389
336,5796 75,34242
336,5826 67,33485
336,5856 53,68411
336,5886 61,37481
336,5916 77,22775
336,5946 40,81513
336,5976 71,60075
336,6006 70,83801
336,6036 70,98979
336,6066 69,25364
336,6096 58,0132
336,6126 74,35537
336,6156 74,68282
336,6186 72,03041
336,6216 78,03362
336,6246 77,43573
336,6276 74,71826
336,6306 72,53649
336,6336 94,6735
336,6366 83,49781
336,6396 87,02789
336,6426 66,55807
336,6457 82,16028
336,6487 85,94314
336,6516 66,66245
336,6547 78,02015
336,6577 91,11392
336,6607 81,47725
336,6637 80,43507
336,6667 91,78904
336,6697 111,3718
336,6727 73,32427
336,6757 82,79964
336,6787 76,21933
336,6817 69,81589
336,6847 87,24687
336,6877 79,50764
336,6907 96,36406
336,6937 105,5442
336,6967 88,59468
336,6997 99,38845
336,7027 100,3157
336,7057 92,39186
336,7087 98,06647
336,7117 97,18267
336,7147 100,774
336,7177 96,79144
336,7207 82,50453
336,7237 107,9657
336,7267 101,886
336,7297 127,9522
336,7327 101,0173
336,7357 145,065
336,7387 114,0801
336,7417 111,8149
336,7448 114,6271
336,7477 107,5347
336,7508 118,5999
336,7538 133,2168
336,7567 114,8022
336,7598 122,1826
336,7628 128,5208
336,7658 122,7405
336,7688 118,4812
336,7718 113,4647
336,7748 136,8546
336,7778 132,4581
336,7808 140,2689
336,7838 144,3156
336,7868 150,5945
336,7898 163,3146
336,7928 148,0491
336,7958 155,3449
336,7988 138,3586
336,8018 158,5351
336,8048 151,9936
336,8078 146,5927
336,8108 161,6332
336,8138 145,1746
336,8168 170,496
336,8198 172,7183
336,8228 168,9486
336,8258 177,0772
336,8288 185,1958
336,8318 165,9288
336,8348 184,2371
336,8378 191,118
336,8409 167,3387
336,8438 177,8052
336,8468 178,0314
336,8499 181,9611
336,8528 174,606
336,8559 182,6811
336,8589 218,1362
336,8618 211,6703
336,8649 212,0427
336,8679 204,5111
336,8709 212,6028
336,8739 214,1285
336,8769 205,6589
336,8799 221,3791
336,8829 210,2632
336,8859 209,399
336,8889 225,4622
336,8919 216,3263
336,8949 237,2657
336,8979 241,5354
336,9009 256,0097
336,9039 236,4607
336,9069 216,6426
336,9099 252,9616
336,9129 242,2372
336,9159 266,8156
336,9189 249,7551
336,9219 248,5816
336,9249 272,9032
336,9279 248,3133
336,9309 268,4826
336,9339 290,0648
336,937 267,7599
336,9399 304,1071
336,9429 299,5922
336,946 308,8815
336,9489 295,6683
336,952 285,5216
336,955 293,4218
336,9579 304,4336
336,961 307,423
336,964 319,6064
336,967 315,7433
336,97 338,3608
336,973 339,3199
336,976 336,9568
336,979 326,9562
336,982 373,2424
336,985 355,9618
336,988 354,7332
336,991 385,7859
336,994 361,2496
336,997 380,0562
337 378,5174
337,003 396,6402
337,006 401,9601
337,009 421,0966
337,012 399,2626
337,015 416,6051
337,018 427,1004
337,021 427,235
337,024 445,2046
337,027 421,7046
337,03 452,3397
337,033 464,4703
337,036 473,8906
337,039 485,953
337,0421 483,2407
337,045 501,6663
337,048 506,7664
337,0511 479,4019
337,054 536,8176
337,0571 538,3252
337,0601 521,1827
337,063 539,7513
337,0661 527,7665
337,0691 554,9125
337,0721 571,5641
337,0751 573,9138
337,0781 607,3406
337,0811 592,0767
337,0841 617,0574
337,0871 607,6006
337,0901 635,1819
337,0931 639,7426
337,0961 641,6279
337,0991 662,0644
337,1021 686,7153
337,1051 669,6808
337,1081 728,6013
337,1111 694,2472
337,1141 742,1314
337,1171 745,0078
337,1201 765,2025
337,1231 782,9448
337,1261 807,7927
337,1291 833,7586
337,1321 828,3468
337,1351 855,8571
337,1382 868,2431
337,1411 881,8256
337,1441 906,1162
337,1472 921,0744
337,1501 940,6591
337,1532 952,5706
337,1562 975,4424
337,1591 1002,462
337,1622 1009,141
337,1652 1046,817
337,1682 1070,766
337,1712 1101,762
337,1742 1109,509
337,1772 1137,135
337,1802 1161,125
337,1832 1192,823
337,1862 1208,42
337,1892 1236,982
337,1922 1261,266
337,1952 1275,87
337,1982 1330,754
337,2012 1358,101
337,2042 1370,393
337,2072 1420,555
337,2102 1440,014
337,2132 1475,2
337,2162 1481,615
337,2192 1534,715
337,2222 1594,215
337,2252 1630,095
337,2282 1672,512
337,2312 1716,825
337,2342 1760,002
337,2372 1793,851
337,2402 1831,568
337,2433 1886,293
337,2462 1902,245
337,2492 1982,063
337,2523 2014,244
337,2552 2101,076
337,2583 2130,991
337,2613 2211,97
337,2643 2286,282
337,2673 2324,718
337,2703 2388,416
337,2733 2437,493
337,2763 2520,125
337,2793 2580,359
337,2823 2679,275
337,2853 2717,21
337,2883 2840,287
337,2913 2926,084
337,2943 2965,436
337,2973 3088,742
337,3003 3166,759
337,3033 3269,124
337,3063 3360,151
337,3093 3482,588
337,3123 3595,666
337,3153 3679,287
337,3183 3814,42
337,3213 3945,918
337,3243 4080,05
337,3273 4198,935
337,3303 4345,696
337,3333 4448,366
337,3363 4614,981
337,3393 4767,723
337,3423 4889,604
337,3453 5105,264
337,3484 5307,998
337,3513 5496,435
337,3543 5667,681
337,3574 5878,572
337,3604 6050,872
337,3634 6342,164
337,3664 6523,813
337,3694 6735,785
337,3724 7022,85
337,3754 7278,125
337,3784 7559,587
337,3814 7854,992
337,3844 8152,667
337,3874 8423,598
337,3904 8706,226
337,3934 9082,881
337,3964 9451,37
337,3994 9829,921
337,4024 10202,69
337,4054 10548,3
337,4084 10941,93
337,4114 11375,41
337,4144 11800,27
337,4174 12313,59
337,4204 12692,6
337,4234 13161,27
337,4264 13680,96
337,4294 14087,69
337,4324 14604,47
337,4354 15116,75
337,4384 15629,07
337,4414 16178,68
337,4445 16661,44
337,4474 17138,2
337,4504 17661,37
337,4535 18160,73
337,4565 18574,32
337,4595 18978,44
337,4625 19403,45
337,4655 19808,94
337,4685 20122,94
337,4715 20375,65
337,4745 20634,84
337,4775 20797,3
337,4805 20875,48
337,4835 20875,93
337,4865 20810,71
337,4895 20739,78
337,4925 20510,18
337,4955 20163,11
337,4985 19721,23
337,5015 19219,1
337,5045 18646,18
337,5075 18137,23
337,5105 17396,83
337,5135 16610,44
337,5165 15724,22
337,5195 14719,63
337,5225 13571,6
337,5255 12409,8
337,5285 11397,65
337,5315 10238,16
337,5345 8970,405
337,5375 7628,874
337,5405 6643,472
337,5435 5480,569
337,5465 4333,603
337,5496 3150,597
337,5526 1870,461
337,5555 769,791
337,5586 -417,7981
337,5616 -1415,439
337,5646 -2588,62
337,5676 -3519,081
337,5706 -4422,857
337,5736 -5300,429
337,5766 -6173,343
337,5796 -7129,791
337,5826 -7824,374
337,5856 -8530,43
337,5886 -9158,902
337,5916 -9763,985
337,5946 -10268,91
337,5976 -10787,02
337,6006 -11336,84
337,6036 -11785,22
337,6066 -12215,54
337,6096 -12615,22
337,6126 -12924,55
337,6156 -13243,67
337,6186 -13566,93
337,6216 -13880,1
337,6246 -14098,27
337,6276 -14263,94
337,6306 -14479,12
337,6336 -14641,3
337,6366 -14736,28
337,6396 -14869,15
337,6426 -14946,84
337,6457 -14984,64
337,6487 -15049,07
337,6516 -15143,39
337,6547 -15144,34
337,6577 -15122,14
337,6607 -15122,67
337,6637 -15074,7
337,6667 -15033,69
337,6697 -14985,49
337,6727 -14872,09
337,6757 -14753,07
337,6787 -14662
337,6817 -14514,42
337,6847 -14375,79
337,6877 -14204,92
337,6907 -14035,13
337,6937 -13788,17
337,6967 -13661,68
337,6997 -13427,59
337,7027 -13203,54
337,7057 -12918,99
337,7087 -12714,38
337,7117 -12439,31
337,7147 -12233,67
337,7177 -11981,3
337,7207 -11702,52
337,7237 -11413,69
337,7267 -11142,24
337,7297 -10869,67
337,7327 -10617,15
337,7357 -10285,72
337,7387 -9997,057
337,7417 -9694,146
337,7448 -9435,014
337,7477 -9144,605
337,7508 -8909,377
337,7538 -8617,14
337,7567 -8409,486
337,7598 -8151,819
337,7628 -7948,334
337,7658 -7670,414
337,7688 -7495,198
337,7718 -7236,447
337,7748 -7003,196
337,7778 -6798,856
337,7808 -6547,862
337,7838 -6341,652
337,7868 -6145,034
337,7898 -5935,213
337,7928 -5781,599
337,7958 -5619,424
337,7988 -5424,813
337,8018 -5256,445
337,8048 -5109,445
337,8078 -4962,065
337,8108 -4829,239
337,8138 -4661,158
337,8168 -4567,095
337,8198 -4413,137
337,8228 -4300,696
337,8258 -4133,646
337,8288 -4031,333
337,8318 -3897,668
337,8348 -3777,797
337,8378 -3674,775
337,8409 -3589,163
337,8438 -3475,452
337,8468 -3362,358
337,8499 -3270,469
337,8528 -3155,571
337,8559 -3112,574
337,8589 -3020,822
337,8618 -2929,379
337,8649 -2828,306
337,8679 -2776,815
337,8709 -2685,521
337,8739 -2604,47
337,8769 -2552,272
337,8799 -2466,948
337,8829 -2430,636
337,8859 -2358,674
337,8889 -2315,709
337,8919 -2232,242
337,8949 -2189,252
337,8979 -2130,772
337,9009 -2067,115
337,9039 -2022,338
337,9069 -1968,336
337,9099 -1928,487
337,9129 -1876,523
337,9159 -1834,032
337,9189 -1781,384
337,9219 -1716,815
337,9249 -1687,662
337,9279 -1662,728
337,9309 -1604,156
337,9339 -1552,372
337,937 -1525,426
337,9399 -1497,447
337,9429 -1486,07
337,946 -1452,654
337,9489 -1421,302
337,952 -1386,599
337,955 -1337,631
337,9579 -1332,249
337,961 -1302,601
337,964 -1267,713
337,967 -1242,006
337,97 -1205,831
337,973 -1166,881
337,976 -1159,669
337,979 -1132,832
337,982 -1106,268
337,985 -1081,911
337,988 -1060,227
337,991 -1046,145
337,994 -1023,721
337,997 -1001,17
338 -969,9998
338,003 -955,3915
338,006 -934,1125
338,009 -924,9147
338,012 -890,2738
338,015 -897,3702
338,018 -870,9133
338,021 -851,1797
338,024 -818,5852
338,027 -809,7318
338,03 -784,1959
338,033 -795,5298
338,036 -778,2634
338,039 -766,6315
338,0421 -730,9095
338,045 -706,5114
338,048 -724,4139
338,0511 -697,7227
338,054 -710,9086
338,0571 -677,8066
338,0601 -666,6998
338,063 -652,6703
338,0661 -638,6423
338,0691 -626,7731
338,0721 -616,0732
338,0751 -595,5348
338,0781 -593,3588
338,0811 -581,093
338,0841 -593,3265
338,0871 -555,1592
338,0901 -560,5416
338,0931 -539,8686
338,0961 -559,5844
338,0991 -505,0694
338,1021 -515,7412
338,1051 -531,1563
338,1081 -499,6404
338,1111 -488,3782
338,1141 -473,9701
338,1171 -450,6501
338,1201 -458,6982
338,1231 -459,6195
338,1261 -442,1332
338,1291 -446,4422
338,1321 -461,464
338,1351 -420,2944
338,1382 -405,5034
338,1411 -416,3209
338,1441 -406,8903
338,1472 -432,9995
338,1501 -404,7539
338,1532 -389,5798
338,1562 -388,6743
338,1591 -378,1982
338,1622 -368,8552
338,1652 -349,162
338,1682 -344,012
338,1712 -366,2461
338,1742 -370,3256
338,1772 -331,2582
338,1802 -339,6105
338,1832 -334,049
338,1862 -326,0042
338,1892 -323,0027
338,1922 -310,6547
338,1952 -298,0807
338,1982 -319,2287
338,2012 -311,5747
338,2042 -313,4719
338,2072 -291,5269
338,2102 -299,4815
338,2132 -284,8237
338,2162 -274,2229
338,2192 -269,7179
338,2222 -278,063
338,2252 -281,4651
338,2282 -262,8591
338,2312 -260,6374
338,2342 -271,3792
338,2372 -255,558
338,2402 -252,8643
338,2433 -245,3175
338,2462 -243,8716
338,2492 -230,5704
338,2523 -221,1624
338,2552 -242,4041
338,2583 -205,6081
338,2613 -225,6482
338,2643 -226,6962
338,2673 -225,7744
338,2703 -211,0972
338,2733 -207,7605
338,2763 -223,4081
338,2793 -197,7389
338,2823 -196,8101
338,2853 -216,6398
338,2883 -189,1673
338,2913 -164,7035
338,2943 -211,2701
338,2973 -179,142
338,3003 -175,7091
338,3033 -176,6487
338,3063 -171,9808
338,3093 -180,644
338,3123 -169,2161
338,3153 -162,9646
338,3183 -140,4306
338,3213 -167,3559
338,3243 -139,5692
338,3273 -146,141
338,3303 -152,0409
338,3333 -153,9529
338,3363 -154,3126
338,3393 -166,0126
338,3423 -167,0421
338,3453 -153,078
338,3484 -118,636
338,3513 -159,8918
338,3543 -127,2254
338,3574 -134,0528
338,3604 -138,9281
338,3634 -124,1454
338,3664 -121,8528
338,3694 -125,9845
338,3724 -140,8667
338,3754 -129,0768
338,3784 -131,8646
338,3814 -115,4513
338,3844 -148,317
338,3874 -114,1984
338,3904 -110,9678
338,3934 -129,0628
338,3964 -110,9676
338,3994 -106,0764
338,4024 -103,9934
338,4054 -111,5196
338,4084 -116,9309
338,4114 -121,8974
338,4144 -92,56554
338,4174 -137,561
338,4204 -107,616
338,4234 -82,8524
338,4264 -127,0414
338,4294 -120,0353
338,4324 -131,4259
338,4354 -96,78884
338,4384 -104,4606
338,4414 -83,33212
338,4445 -97,40647
338,4474 -79,8875
338,4504 -90,49828
338,4535 -84,49838
338,4565 -90,20093
338,4595 -66,1972
338,4625 -59,40318
338,4655 -88,88992
338,4685 -66,46732
338,4715 -105,2927
338,4745 -77,91663
338,4775 -103,8159
338,4805 -90,27995
338,4835 -85,55223
338,4865 -92,23486
338,4895 -71,99133
338,4925 -89,08148
338,4955 -71,07986
338,4985 -61,0829
338,5015 -75,52357
338,5045 -75,4629
338,5075 -69,11925
338,5105 -84,50323
338,5135 -93,09325
338,5165 -49,17904
338,5195 -94,05513
338,5225 -70,15137
338,5255 -91,14008
338,5285 -63,75
338,5315 -55,86174
338,5345 -57,142
338,5375 -55,85803
338,5405 -56,79451
338,5435 -85,42561
338,5465 -38,65251
338,5496 -45,12895
338,5526 -72,14716
338,5555 -52,83262
338,5586 -70,85082
338,5616 -65,06879
338,5646 -39,1405
338,5676 -40,60001
338,5706 -66,05083
338,5736 -79,50232
338,5766 -47,14209
338,5796 -69,48375
338,5826 -77,74217
338,5856 -44,55821
338,5886 -54,85817
338,5916 -52,01758
338,5946 -46,14085
338,5976 -38,35729
338,6006 -41,90417
338,6036 -48,39818
338,6066 -54,71323
338,6096 -27,88568
338,6126 -55,62821
338,6156 -53,74212
338,6186 -48,48701
338,6216 -33,97524
338,6246 -39,364
338,6276 -30,31961
338,6306 -30,06505
338,6336 -57,72551
338,6366 -51,99052
338,6396 -72,83163
338,6426 -34,80585
338,6457 -33,25287
338,6487 -43,80889
338,6516 -50,4147
338,6547 -22,55621
338,6577 -29,98091
338,6607 -28,11883
338,6637 -38,52613
338,6667 -30,77827
338,6697 -35,09204
338,6727 -32,22406
338,6757 -31,8705
338,6787 -47,22824
338,6817 -21,66593
338,6847 -42,93421
338,6877 -29,32572
338,6907 -43,30996
338,6937 -37,18281
338,6967 -49,79346
338,6997 -23,94662
338,7027 -36,73589
338,7057 -23,74625
338,7087 -38,08127
338,7117 -36,6979
338,7147 -19,12986
338,7177 -42,23138
338,7207 -30,04249
338,7237 1,087359
338,7267 -26,09588
338,7297 -13,77186
338,7327 -43,92782
338,7357 -1,851522
338,7387 -28,23852
338,7417 -11,71058
338,7448 -24,83783
338,7477 -22,03764
338,7508 -8,140719
338,7538 -18,19441
338,7567 -38,19923
338,7598 -27,99486
338,7628 -37,37098
338,7658 -2,307694
338,7688 -28,67005
338,7718 -13,19928
338,7748 -12,05489
338,7778 -21,37965
338,7808 -29,28667
338,7838 -20,91407
338,7868 -30,18913
338,7898 -17,10463
338,7928 -31,76351
338,7958 -43,33815
338,7988 -15,05197
338,8018 -24,62894
338,8048 -16,02682
338,8078 -4,562539
338,8108 -24,43272
338,8138 -15,81238
338,8168 -18,94283
338,8198 -24,01739
338,8228 -22,50926
338,8258 -17,22055
338,8288 -21,95636
338,8318 -12,47461
338,8348 -5,290149
338,8378 10,49713
338,8409 3,425994
338,8438 -17,77514
338,8468 -1,111136
338,8499 -3,822645
338,8528 4,209995
338,8559 -11,7574
338,8589 -2,959462
338,8618 2,75189
338,8649 -21,82852
338,8679 16,85351
338,8709 0,8781794
338,8739 -21,64339
338,8769 -7,757067
338,8799 -7,993235
338,8829 19,3395
338,8859 -7,915154
338,8889 -5,960293
338,8919 6,460907
338,8949 -2,541534
338,8979 13,46544
338,9009 3,784937
338,9039 0,547165
338,9069 -9,526708
338,9099 -14,23578
338,9129 -24,19871
338,9159 -11,96344
338,9189 7,70515
338,9219 12,27875
338,9249 -20,55496
338,9279 -12,35092
338,9309 4,530062
338,9339 -15,23399
338,937 -9,53388
338,9399 2,282819
338,9429 8,236824
338,946 1,427536
338,9489 -11,421
338,952 -4,899812
338,955 -10,91777
338,9579 -35,04772
338,961 -1,507566
338,964 -9,933941
338,967 -4,544202
338,97 21,91177
338,973 -10,70517
338,976 -16,22887
338,979 7,464231
338,982 28,32458
338,985 4,905068
338,988 6,615856
338,991 18,25418
338,994 20,91798
338,997 -4,988104
339 -8,512879E-16
336 0
336,003 -13,71186
336,006 -15,19851
336,009 -0,9680945
336,012 -22,05907
336,015 -17,5169
336,018 -12,30812
336,021 -1,487262
336,024 -15,326
336,027 -16,27035
336,03 -24,40355
336,033 -8,280273
336,036 -6,696303
336,039 -23,30889
336,0421 -4,935621
336,045 39,36181
336,048 -37,56185
336,0511 -3,400677
336,054 -6,344911
336,0571 -16,58896
336,0601 -17,87149
336,063 -11,89987
336,0661 -2,576618
336,0691 -17,13664
336,0721 -13,26184
336,0751 -15,40866
336,0781 4,265841
336,0811 -7,985282
336,0841 -16,01653
336,0871 -13,87576
336,0901 -7,094558
336,0931 -2,939482
336,0961 4,894186
336,0991 10,07952
336,1021 5,982128
336,1051 -15,26096
336,1081 -11,24075
336,1111 -5,670639
336,1141 -2,803287
336,1171 -12,42344
336,1201 6,577811
336,1231 -13,3045
336,1261 -29,56688
336,1291 4,657548
336,1321 -5,937348
336,1351 -1,706927
336,1382 11,18077
336,1411 4,566686
336,1441 0,4862518
336,1472 -5,075169
336,1501 8,72826
336,1532 9,049825
336,1562 -0,1341836
336,1591 -10,6587
336,1622 26,11478
336,1652 -7,23746
336,1682 -1,650297
336,1712 -0,9292954
336,1742 1,789383
336,1772 -4,863349
336,1802 8,274824
336,1832 -7,04582
336,1862 26,53708
336,1892 -0,2516414
336,1922 -11,95846
336,1952 6,696854
336,1982 -1,903206
336,2012 -5,268409
336,2042 19,65976
336,2072 -12,31707
336,2102 -4,162543
336,2132 -5,230198
336,2162 -19,86651
336,2192 -8,465978
336,2222 18,07933
336,2252 0,2631958
336,2282 9,399961
336,2312 9,599998
336,2342 -2,923423
336,2372 -1,395527
336,2402 16,61172
336,2433 0,1426049
336,2462 5,792794
336,2492 -2,234027
336,2523 5,143339
336,2552 10,91551
336,2583 11,37176
336,2613 -4,655548
336,2643 4,891171
336,2673 24,52461
336,2703 16,55165
336,2733 21,10691
336,2763 37,07864
336,2793 1,151067
336,2823 11,87884
336,2853 15,04673
336,2883 18,76628
336,2913 13,87297
336,2943 2,645171
336,2973 24,61712
336,3003 25,27058
336,3033 6,198264
336,3063 -11,28178
336,3093 15,86697
336,3123 13,5122
336,3153 16,60582
336,3183 9,667542
336,3213 11,44471
336,3243 23,20285
336,3273 10,83414
336,3303 18,39072
336,3333 17,29751
336,3363 20,97328
336,3393 17,28296
336,3423 37,71161
336,3453 27,78106
336,3484 32,42776
336,3513 14,07381
336,3543 14,65205
336,3574 1,706562
336,3604 -1,891279
336,3634 19,78224
336,3664 17,0252
336,3694 15,33384
336,3724 28,92569
336,3754 10,13165
336,3784 32,84339
336,3814 39,53211
336,3844 18,00769
336,3874 69,9568
336,3904 27,80311
336,3934 -3,117108
336,3964 31,28673
336,3994 19,95353
336,4024 41,86042
336,4054 21,74541
336,4084 18,62808
336,4114 5,712486
336,4144 35,96404
336,4174 18,29633
336,4204 32,91695
336,4234 24,88725
336,4264 57,90858
336,4294 29,95617
336,4324 31,69422
336,4354 22,67631
336,4384 34,11538
336,4414 28,72553
336,4445 27,4814
336,4474 31,73512
336,4504 52,78412
336,4535 26,37055
336,4565 33,55972
336,4595 59,0913
336,4625 15,3182
336,4655 54,8115
336,4685 14,31828
336,4715 45,88661
336,4745 62,3146
336,4775 39,34299
336,4805 32,56415
336,4835 45,15702
336,4865 36,61544
336,4895 25,56547
336,4925 30,67354
336,4955 38,88548
336,4985 42,35326
336,5015 29,20343
336,5045 38,06273
336,5075 18,97262
336,5105 48,96233
336,5135 42,64327
336,5165 35,23677
336,5195 33,92635
336,5225 49,43333
336,5255 46,53404
336,5285 41,02771
336,5315 55,94413
336,5345 15,227
336,5375 51,1938
336,5405 60,85887
336,5435 39,48966
336,5465 31,18537
336,5496 46,20284
336,5526 57,22621
336,5555 48,90632
336,5586 59,22607
336,5616 21,78751
336,5646 64,67605
336,5676 84,34743
336,5706 69,07313
336,5736 38,37864
336,5766 79,0389
336,5796 75,34242
336,5826 67,33485
336,5856 53,68411
336,5886 61,37481
336,5916 77,22775
336,5946 40,81513
336,5976 71,60075
336,6006 70,83801
336,6036 70,98979
336,6066 69,25364
336,6096 58,0132
336,6126 74,35537
336,6156 74,68282
336,6186 72,03041
336,6216 78,03362
336,6246 77,43573
336,6276 74,71826
336,6306 72,53649
336,6336 94,6735
336,6366 83,49781
336,6396 87,02789
336,6426 66,55807
336,6457 82,16028
336,6487 85,94314
336,6516 66,66245
336,6547 78,02015
336,6577 91,11392
336,6607 81,47725
336,6637 80,43507
336,6667 91,78904
336,6697 111,3718
336,6727 73,32427
336,6757 82,79964
336,6787 76,21933
336,6817 69,81589
336,6847 87,24687
336,6877 79,50764
336,6907 96,36406
336,6937 105,5442
336,6967 88,59468
336,6997 99,38845
336,7027 100,3157
336,7057 92,39186
336,7087 98,06647
336,7117 97,18267
336,7147 100,774
336,7177 96,79144
336,7207 82,50453
336,7237 107,9657
336,7267 101,886
336,7297 127,9522
336,7327 101,0173
336,7357 145,065
336,7387 114,0801
336,7417 111,8149
336,7448 114,6271
336,7477 107,5347
336,7508 118,5999
336,7538 133,2168
336,7567 114,8022
336,7598 122,1826
336,7628 128,5208
336,7658 122,7405
336,7688 118,4812
336,7718 113,4647
336,7748 136,8546
336,7778 132,4581
336,7808 140,2689
336,7838 144,3156
336,7868 150,5945
336,7898 163,3146
336,7928 148,0491
336,7958 155,3449
336,7988 138,3586
336,8018 158,5351
336,8048 151,9936
336,8078 146,5927
336,8108 161,6332
336,8138 145,1746
336,8168 170,496
336,8198 172,7183
336,8228 168,9486
336,8258 177,0772
336,8288 185,1958
336,8318 165,9288
336,8348 184,2371
336,8378 191,118
336,8409 167,3387
336,8438 177,8052
336,8468 178,0314
336,8499 181,9611
336,8528 174,606
336,8559 182,6811
336,8589 218,1362
336,8618 211,6703
336,8649 212,0427
336,8679 204,5111
336,8709 212,6028
336,8739 214,1285
336,8769 205,6589
336,8799 221,3791
336,8829 210,2632
336,8859 209,399
336,8889 225,4622
336,8919 216,3263
336,8949 237,2657
336,8979 241,5354
336,9009 256,0097
336,9039 236,4607
336,9069 216,6426
336,9099 252,9616
336,9129 242,2372
336,9159 266,8156
336,9189 249,7551
336,9219 248,5816
336,9249 272,9032
336,9279 248,3133
336,9309 268,4826
336,9339 290,0648
336,937 267,7599
336,9399 304,1071
336,9429 299,5922
336,946 308,8815
336,9489 295,6683
336,952 285,5216
336,955 293,4218
336,9579 304,4336
336,961 307,423
336,964 319,6064
336,967 315,7433
336,97 338,3608
336,973 339,3199
336,976 336,9568
336,979 326,9562
336,982 373,2424
336,985 355,9618
336,988 354,7332
336,991 385,7859
336,994 361,2496
336,997 380,0562
337 378,5174
337,003 396,6402
337,006 401,9601
337,009 421,0966
337,012 399,2626
337,015 416,6051
337,018 427,1004
337,021 427,235
337,024 445,2046
337,027 421,7046
337,03 452,3397
337,033 464,4703
337,036 473,8906
337,039 485,953
337,0421 483,2407
337,045 501,6663
337,048 506,7664
337,0511 479,4019
337,054 536,8176
337,0571 538,3252
337,0601 521,1827
337,063 539,7513
337,0661 527,7665
337,0691 554,9125
337,0721 571,5641
337,0751 573,9138
337,0781 607,3406
337,0811 592,0767
337,0841 617,0574
337,0871 607,6006
337,0901 635,1819
337,0931 639,7426
337,0961 641,6279
337,0991 662,0644
337,1021 686,7153
337,1051 669,6808
337,1081 728,6013
337,1111 694,2472
337,1141 742,1314
337,1171 745,0078
337,1201 765,2025
337,1231 782,9448
337,1261 807,7927
337,1291 833,7586
337,1321 828,3468
337,1351 855,8571
337,1382 868,2431
337,1411 881,8256
337,1441 906,1162
337,1472 921,0744
337,1501 940,6591
337,1532 952,5706
337,1562 975,4424
337,1591 1002,462
337,1622 1009,141
337,1652 1046,817
337,1682 1070,766
337,1712 1101,762
337,1742 1109,509
337,1772 1137,135
337,1802 1161,125
337,1832 1192,823
337,1862 1208,42
337,1892 1236,982
337,1922 1261,266
337,1952 1275,87
337,1982 1330,754
337,2012 1358,101
337,2042 1370,393
337,2072 1420,555
337,2102 1440,014
337,2132 1475,2
337,2162 1481,615
337,2192 1534,715
337,2222 1594,215
337,2252 1630,095
337,2282 1672,512
337,2312 1716,825
337,2342 1760,002
337,2372 1793,851
337,2402 1831,568
337,2433 1886,293
337,2462 1902,245
337,2492 1982,063
337,2523 2014,244
337,2552 2101,076
337,2583 2130,991
337,2613 2211,97
337,2643 2286,282
337,2673 2324,718
337,2703 2388,416
337,2733 2437,493
337,2763 2520,125
337,2793 2580,359
337,2823 2679,275
337,2853 2717,21
337,2883 2840,287
337,2913 2926,084
337,2943 2965,436
337,2973 3088,742
337,3003 3166,759
337,3033 3269,124
337,3063 3360,151
337,3093 3482,588
337,3123 3595,666
337,3153 3679,287
337,3183 3814,42
337,3213 3945,918
337,3243 4080,05
337,3273 4198,935
337,3303 4345,696
337,3333 4448,366
337,3363 4614,981
337,3393 4767,723
337,3423 4889,604
337,3453 5105,264
337,3484 5307,998
337,3513 5496,435
337,3543 5667,681
337,3574 5878,572
337,3604 6050,872
337,3634 6342,164
337,3664 6523,813
337,3694 6735,785
337,3724 7022,85
337,3754 7278,125
337,3784 7559,587
337,3814 7854,992
337,3844 8152,667
337,3874 8423,598
337,3904 8706,226
337,3934 9082,881
337,3964 9451,37
337,3994 9829,921
337,4024 10202,69
337,4054 10548,3
337,4084 10941,93
337,4114 11375,41
337,4144 11800,27
337,4174 12313,59
337,4204 12692,6
337,4234 13161,27
337,4264 13680,96
337,4294 14087,69
337,4324 14604,47
337,4354 15116,75
337,4384 15629,07
337,4414 16178,68
337,4445 16661,44
337,4474 17138,2
337,4504 17661,37
337,4535 18160,73
337,4565 18574,32
337,4595 18978,44
337,4625 19403,45
337,4655 19808,94
337,4685 20122,94
337,4715 20375,65
337,4745 20634,84
337,4775 20797,3
337,4805 20875,48
337,4835 20875,93
337,4865 20810,71
337,4895 20739,78
337,4925 20510,18
337,4955 20163,11
337,4985 19721,23
337,5015 19219,1
337,5045 18646,18
337,5075 18137,23
337,5105 17396,83
337,5135 16610,44
337,5165 15724,22
337,5195 14719,63
337,5225 13571,6
337,5255 12409,8
337,5285 11397,65
337,5315 10238,16
337,5345 8970,405
337,5375 7628,874
337,5405 6643,472
337,5435 5480,569
337,5465 4333,603
337,5496 3150,597
337,5526 1870,461
337,5555 769,791
337,5586 -417,7981
337,5616 -1415,439
337,5646 -2588,62
337,5676 -3519,081
337,5706 -4422,857
337,5736 -5300,429
337,5766 -6173,343
337,5796 -7129,791
337,5826 -7824,374
337,5856 -8530,43
337,5886 -9158,902
337,5916 -9763,985
337,5946 -10268,91
337,5976 -10787,02
337,6006 -11336,84
337,6036 -11785,22
337,6066 -12215,54
337,6096 -12615,22
337,6126 -12924,55
337,6156 -13243,67
337,6186 -13566,93
337,6216 -13880,1
337,6246 -14098,27
337,6276 -14263,94
337,6306 -14479,12
337,6336 -14641,3
337,6366 -14736,28
337,6396 -14869,15
337,6426 -14946,84
337,6457 -14984,64
337,6487 -15049,07
337,6516 -15143,39
337,6547 -15144,34
337,6577 -15122,14
337,6607 -15122,67
337,6637 -15074,7
337,6667 -15033,69
337,6697 -14985,49
337,6727 -14872,09
337,6757 -14753,07
337,6787 -14662
337,6817 -14514,42
337,6847 -14375,79
337,6877 -14204,92
337,6907 -14035,13
337,6937 -13788,17
337,6967 -13661,68
337,6997 -13427,59
337,7027 -13203,54
337,7057 -12918,99
337,7087 -12714,38
337,7117 -12439,31
337,7147 -12233,67
337,7177 -11981,3
337,7207 -11702,52
337,7237 -11413,69
337,7267 -11142,24
337,7297 -10869,67
337,7327 -10617,15
337,7357 -10285,72
337,7387 -9997,057
337,7417 -9694,146
337,7448 -9435,014
337,7477 -9144,605
337,7508 -8909,377
337,7538 -8617,14
337,7567 -8409,486
337,7598 -8151,819
337,7628 -7948,334
337,7658 -7670,414
337,7688 -7495,198
337,7718 -7236,447
337,7748 -7003,196
337,7778 -6798,856
337,7808 -6547,862
337,7838 -6341,652
337,7868 -6145,034
337,7898 -5935,213
337,7928 -5781,599
337,7958 -5619,424
337,7988 -5424,813
337,8018 -5256,445
337,8048 -5109,445
337,8078 -4962,065
337,8108 -4829,239
337,8138 -4661,158
337,8168 -4567,095
337,8198 -4413,137
337,8228 -4300,696
337,8258 -4133,646
337,8288 -4031,333
337,8318 -3897,668
337,8348 -3777,797
337,8378 -3674,775
337,8409 -3589,163
337,8438 -3475,452
337,8468 -3362,358
337,8499 -3270,469
337,8528 -3155,571
337,8559 -3112,574
337,8589 -3020,822
337,8618 -2929,379
337,8649 -2828,306
337,8679 -2776,815
337,8709 -2685,521
337,8739 -2604,47
337,8769 -2552,272
337,8799 -2466,948
337,8829 -2430,636
337,8859 -2358,674
337,8889 -2315,709
337,8919 -2232,242
337,8949 -2189,252
337,8979 -2130,772
337,9009 -2067,115
337,9039 -2022,338
337,9069 -1968,336
337,9099 -1928,487
337,9129 -1876,523
337,9159 -1834,032
337,9189 -1781,384
337,9219 -1716,815
337,9249 -1687,662
337,9279 -1662,728
337,9309 -1604,156
337,9339 -1552,372
337,937 -1525,426
337,9399 -1497,447
337,9429 -1486,07
337,946 -1452,654
337,9489 -1421,302
337,952 -1386,599
337,955 -1337,631
337,9579 -1332,249
337,961 -1302,601
337,964 -1267,713
337,967 -1242,006
337,97 -1205,831
337,973 -1166,881
337,976 -1159,669
337,979 -1132,832
337,982 -1106,268
337,985 -1081,911
337,988 -1060,227
337,991 -1046,145
337,994 -1023,721
337,997 -1001,17
338 -969,9998
338,003 -955,3915
338,006 -934,1125
338,009 -924,9147
338,012 -890,2738
338,015 -897,3702
338,018 -870,9133
338,021 -851,1797
338,024 -818,5852
338,027 -809,7318
338,03 -784,1959
338,033 -795,5298
338,036 -778,2634
338,039 -766,6315
338,0421 -730,9095
338,045 -706,5114
338,048 -724,4139
338,0511 -697,7227
338,054 -710,9086
338,0571 -677,8066
338,0601 -666,6998
338,063 -652,6703
338,0661 -638,6423
338,0691 -626,7731
338,0721 -616,0732
338,0751 -595,5348
338,0781 -593,3588
338,0811 -581,093
338,0841 -593,3265
338,0871 -555,1592
338,0901 -560,5416
338,0931 -539,8686
338,0961 -559,5844
338,0991 -505,0694
338,1021 -515,7412
338,1051 -531,1563
338,1081 -499,6404
338,1111 -488,3782
338,1141 -473,9701
338,1171 -450,6501
338,1201 -458,6982
338,1231 -459,6195
338,1261 -442,1332
338,1291 -446,4422
338,1321 -461,464
338,1351 -420,2944
338,1382 -405,5034
338,1411 -416,3209
338,1441 -406,8903
338,1472 -432,9995
338,1501 -404,7539
338,1532 -389,5798
338,1562 -388,6743
338,1591 -378,1982
338,1622 -368,8552
338,1652 -349,162
338,1682 -344,012
338,1712 -366,2461
338,1742 -370,3256
338,1772 -331,2582
338,1802 -339,6105
338,1832 -334,049
338,1862 -326,0042
338,1892 -323,0027
338,1922 -310,6547
338,1952 -298,0807
338,1982 -319,2287
338,2012 -311,5747
338,2042 -313,4719
338,2072 -291,5269
338,2102 -299,4815
338,2132 -284,8237
338,2162 -274,2229
338,2192 -269,7179
338,2222 -278,063
338,2252 -281,4651
338,2282 -262,8591
338,2312 -260,6374
338,2342 -271,3792
338,2372 -255,558
338,2402 -252,8643
338,2433 -245,3175
338,2462 -243,8716
338,2492 -230,5704
338,2523 -221,1624
338,2552 -242,4041
338,2583 -205,6081
338,2613 -225,6482
338,2643 -226,6962
338,2673 -225,7744
338,2703 -211,0972
338,2733 -207,7605
338,2763 -223,4081
338,2793 -197,7389
338,2823 -196,8101
338,2853 -216,6398
338,2883 -189,1673
338,2913 -164,7035
338,2943 -211,2701
338,2973 -179,142
338,3003 -175,7091
338,3033 -176,6487
338,3063 -171,9808
338,3093 -180,644
338,3123 -169,2161
338,3153 -162,9646
338,3183 -140,4306
338,3213 -167,3559
338,3243 -139,5692
338,3273 -146,141
338,3303 -152,0409
338,3333 -153,9529
338,3363 -154,3126
338,3393 -166,0126
338,3423 -167,0421
338,3453 -153,078
338,3484 -118,636
338,3513 -159,8918
338,3543 -127,2254
338,3574 -134,0528
338,3604 -138,9281
338,3634 -124,1454
338,3664 -121,8528
338,3694 -125,9845
338,3724 -140,8667
338,3754 -129,0768
338,3784 -131,8646
338,3814 -115,4513
338,3844 -148,317
338,3874 -114,1984
338,3904 -110,9678
338,3934 -129,0628
338,3964 -110,9676
338,3994 -106,0764
338,4024 -103,9934
338,4054 -111,5196
338,4084 -116,9309
338,4114 -121,8974
338,4144 -92,56554
338,4174 -137,561
338,4204 -107,616
338,4234 -82,8524
338,4264 -127,0414
338,4294 -120,0353
338,4324 -131,4259
338,4354 -96,78884
338,4384 -104,4606
338,4414 -83,33212
338,4445 -97,40647
338,4474 -79,8875
338,4504 -90,49828
338,4535 -84,49838
338,4565 -90,20093
338,4595 -66,1972
338,4625 -59,40318
338,4655 -88,88992
338,4685 -66,46732
338,4715 -105,2927
338,4745 -77,91663
338,4775 -103,8159
338,4805 -90,27995
338,4835 -85,55223
338,4865 -92,23486
338,4895 -71,99133
338,4925 -89,08148
338,4955 -71,07986
338,4985 -61,0829
338,5015 -75,52357
338,5045 -75,4629
338,5075 -69,11925
338,5105 -84,50323
338,5135 -93,09325
338,5165 -49,17904
338,5195 -94,05513
338,5225 -70,15137
338,5255 -91,14008
338,5285 -63,75
338,5315 -55,86174
338,5345 -57,142
338,5375 -55,85803
338,5405 -56,79451
338,5435 -85,42561
338,5465 -38,65251
338,5496 -45,12895
338,5526 -72,14716
338,5555 -52,83262
338,5586 -70,85082
338,5616 -65,06879
338,5646 -39,1405
338,5676 -40,60001
338,5706 -66,05083
338,5736 -79,50232
338,5766 -47,14209
338,5796 -69,48375
338,5826 -77,74217
338,5856 -44,55821
338,5886 -54,85817
338,5916 -52,01758
338,5946 -46,14085
338,5976 -38,35729
338,6006 -41,90417
338,6036 -48,39818
338,6066 -54,71323
338,6096 -27,88568
338,6126 -55,62821
338,6156 -53,74212
338,6186 -48,48701
338,6216 -33,97524
338,6246 -39,364
338,6276 -30,31961
338,6306 -30,06505
338,6336 -57,72551
338,6366 -51,99052
338,6396 -72,83163
338,6426 -34,80585
338,6457 -33,25287
338,6487 -43,80889
338,6516 -50,4147
338,6547 -22,55621
338,6577 -29,98091
338,6607 -28,11883
338,6637 -38,52613
338,6667 -30,77827
338,6697 -35,09204
338,6727 -32,22406
338,6757 -31,8705
338,6787 -47,22824
338,6817 -21,66593
338,6847 -42,93421
338,6877 -29,32572
338,6907 -43,30996
338,6937 -37,18281
338,6967 -49,79346
338,6997 -23,94662
338,7027 -36,73589
338,7057 -23,74625
338,7087 -38,08127
338,7117 -36,6979
338,7147 -19,12986
338,7177 -42,23138
338,7207 -30,04249
338,7237 1,087359
338,7267 -26,09588
338,7297 -13,77186
338,7327 -43,92782
338,7357 -1,851522
338,7387 -28,23852
338,7417 -11,71058
338,7448 -24,83783
338,7477 -22,03764
338,7508 -8,140719
338,7538 -18,19441
338,7567 -38,19923
338,7598 -27,99486
338,7628 -37,37098
338,7658 -2,307694
338,7688 -28,67005
338,7718 -13,19928
338,7748 -12,05489
338,7778 -21,37965
338,7808 -29,28667
338,7838 -20,91407
338,7868 -30,18913
338,7898 -17,10463
338,7928 -31,76351
338,7958 -43,33815
338,7988 -15,05197
338,8018 -24,62894
338,8048 -16,02682
338,8078 -4,562539
338,8108 -24,43272
338,8138 -15,81238
338,8168 -18,94283
338,8198 -24,01739
338,8228 -22,50926
338,8258 -17,22055
338,8288 -21,95636
338,8318 -12,47461
338,8348 -5,290149
338,8378 10,49713
338,8409 3,425994
338,8438 -17,77514
338,8468 -1,111136
338,8499 -3,822645
338,8528 4,209995
338,8559 -11,7574
338,8589 -2,959462
338,8618 2,75189
338,8649 -21,82852
338,8679 16,85351
338,8709 0,8781794
338,8739 -21,64339
338,8769 -7,757067
338,8799 -7,993235
338,8829 19,3395
338,8859 -7,915154
338,8889 -5,960293
338,8919 6,460907
338,8949 -2,541534
338,8979 13,46544
338,9009 3,784937
338,9039 0,547165
338,9069 -9,526708
338,9099 -14,23578
338,9129 -24,19871
338,9159 -11,96344
338,9189 7,70515
338,9219 12,27875
338,9249 -20,55496
338,9279 -12,35092
338,9309 4,530062
338,9339 -15,23399
338,937 -9,53388
338,9399 2,282819
338,9429 8,236824
338,946 1,427536
338,9489 -11,421
338,952 -4,899812
338,955 -10,91777
338,9579 -35,04772
338,961 -1,507566
338,964 -9,933941
338,967 -4,544202
338,97 21,91177
338,973 -10,70517
338,976 -16,22887
338,979 7,464231
338,982 28,32458
338,985 4,905068
338,988 6,615856
338,991 18,25418
338,994 20,91798
338,997 -4,988104
339 -8,512879E-16
