
336,003 -39,5064
336,006 -8,077991
336,009 -32,61424
336,012 -38,90274
336,015 -36,86374
336,018 -16,69769
336,021 -21,46868
336,024 -4,650794
336,027 -20,87061
336,03 -11,13715
336,033 -21,16018
336,036 -54,40024
336,039 -39,35363
336,0421 14,53129
336,045 -3,751667
336,048 -9,045461
336,0511 -50,6856
336,054 -9,143225
336,0571 -24,26499
336,0601 -29,65099
336,063 -20,00166
336,0661 -44,77979
336,0691 -25,57025
336,0721 -15,37544
336,0751 -20,59965
336,0781 -10,50816
336,0811 -36,8707
336,0841 0,5997018
336,0871 -34,73321
336,0901 7,670189
336,0931 -0,1071899
336,0961 -21,14192
336,0991 10,25416
336,1021 12,58529
336,1051 -5,58291
336,1081 10,72702
336,1111 -5,219057
336,1141 -13,03365
336,1171 -6,351733
336,1201 -7,17022
336,1231 -28,83355
336,1261 -22,84827
336,1291 -20,46692
336,1321 -44,7299
336,1351 -9,670436
336,1382 -19,21425
336,1411 -12,55173
336,1441 25,24086
336,1472 -21,12007
336,1501 2,240666
336,1532 -1,855639
336,1562 -36,82946
336,1591 3,928292
336,1622 -3,821834
336,1652 -14,0185
336,1682 -27,44806
336,1712 3,744558
336,1742 4,13572
336,1772 -19,15813
336,1802 17,91763
336,1832 -17,26391
336,1862 -0,795019
336,1892 24,87579
336,1922 -21,85004
336,1952 7,629909
336,1982 8,924226
336,2012 -44,04389
336,2042 -0,1758131
336,2072 -16,53573
336,2102 -31,08317
336,2132 -22,23214
336,2162 23,15089
336,2192 -23,58467
336,2222 -13,797
336,2252 7,351077
336,2282 3,451889
336,2312 7,35128
336,2342 23,17661
336,2372 4,814855
336,2402 24,50757
336,2433 2,155587
336,2462 0,1004125
336,2492 -44,30132
336,2523 24,73908
336,2552 6,656597
336,2583 3,983306
336,2613 -4,419151
336,2643 7,283733
336,2673 3,57058
336,2703 -7,245901
336,2733 22,21338
336,2763 -9,180731
336,2793 15,73798
336,2823 21,09959
336,2853 -18,91644
336,2883 -0,4081593
336,2913 21,39407
336,2943 22,64587
336,2973 25,08457
336,3003 -3,980852
336,3033 -9,115903
336,3063 -10,90357
336,3093 17,77813
336,3123 13,58113
336,3153 -28,92602
336,3183 32,39031
336,3213 0,1815645
336,3243 -0,2485674
336,3273 37,46255
336,3303 -20,1849
336,3333 14,10716
336,3363 3,743482
336,3393 -31,60314
336,3423 -3,740162
336,3453 15,33591
336,3484 40,99475
336,3513 13,37553
336,3543 9,327425
336,3574 20,03452
336,3604 25,53289
336,3634 14,43886
336,3664 13,14429
336,3694 31,43389
336,3724 29,0663
336,3754 -4,207437
336,3784 -13,76329
336,3814 11,59018
336,3844 14,84113
336,3874 -12,78073
336,3904 5,600346
336,3934 29,74977
336,3964 20,62959
336,3994 -6,546407
336,4024 40,06166
336,4054 26,35368
336,4084 67,71698
336,4114 13,30733
336,4144 -20,72575
336,4174 -8,732363
336,4204 24,35059
336,4234 -8,062424
336,4264 25,71183
336,4294 15,27903
336,4324 43,74451
336,4354 18,68743
336,4384 5,080864
336,4414 -10,24812
336,4445 32,02253
336,4474 16,73702
336,4504 62,88416
336,4535 47,04245
336,4565 56,99567
336,4595 58,23699
336,4625 10,12215
336,4655 44,53885
336,4685 18,50552
336,4715 9,655289
336,4745 42,54762
336,4775 11,02942
336,4805 64,38142
336,4835 47,66739
336,4865 33,79008
336,4895 26,72384
336,4925 31,41831
336,4955 21,52424
336,4985 3,219905
336,5015 2,179334
336,5045 15,80037
336,5075 21,88564
336,5105 18,91195
336,5135 10,03882
336,5165 29,41853
336,5195 28,60595
336,5225 23,35427
336,5255 19,15264
336,5285 31,14006
336,5315 40,78156
336,5345 23,61784
336,5375 15,79123
336,5405 43,24997
336,5435 78,52122
336,5465 52,72668
336,5496 4,842712
336,5526 12,71791
336,5555 8,472243
336,5586 53,10637
336,5616 47,26911
336,5646 32,31254
336,5676 44,1928
336,5706 39,0733
336,5736 38,54556
336,5766 17,99243
336,5796 33,92525
336,5826 33,39962
336,5856 8,220189
336,5886 -32,41273
336,5916 39,26718
336,5946 53,24479
336,5976 62,59952
336,6006 -8,537896
336,6036 44,02605
336,6066 47,478
336,6096 44,43496
336,6126 38,0161
336,6156 35,61825
336,6186 63,18729
336,6216 32,54161
336,6246 47,02057
336,6276 54,65859
336,6306 38,68658
336,6336 68,43081
336,6366 38,75902
336,6396 61,19316
336,6426 56,22104
336,6457 45,99681
336,6487 50,37067
336,6516 31,88919
336,6547 31,2176
336,6577 39,31218
336,6607 54,13758
336,6637 38,02813
336,6667 47,27854
336,6697 40,84863
336,6727 24,90526
336,6757 27,60096
336,6787 2,135349
336,6817 18,39516
336,6847 46,36931
336,6877 80,10568
336,6907 67,99186
336,6937 42,03931
336,6967 93,4698
336,6997 50,66365
336,7027 60,84088
336,7057 90,27725
336,7087 81,07999
336,7117 36,32849
336,7147 26,9169
336,7177 99,55628
336,7207 77,69163
336,7237 68,84656
336,7267 102,4227
336,7297 68,73332
336,7327 73,54179
336,7357 99,42909
336,7387 102,9601
336,7417 80,61662
336,7448 67,36919
336,7477 81,38332
336,7508 60,00456
336,7538 117,0288
336,7567 57,48526
336,7598 67,59375
336,7628 63,34772
336,7658 88,51384
336,7688 111,1454
336,7718 68,64097
336,7748 101,0618
336,7778 49,46025
336,7808 97,16171
336,7838 79,25025
336,7868 87,88321
336,7898 84,93156
336,7928 61,93288
336,7958 90,42474
336,7988 96,39742
336,8018 70,17175
336,8048 93,73247
336,8078 119,4679
336,8108 83,7792
336,8138 99,24908
336,8168 111,6337
336,8198 134,5044
336,8228 106,5741
336,8258 103,6591
336,8288 113,268
336,8318 96,48555
336,8348 78,06424
336,8378 106,7755
336,8409 112,3331
336,8438 80,60434
336,8468 114,4518
336,8499 90,18949
336,8528 104,5525
336,8559 137,9249
336,8589 105,6298
336,8618 155,3221
336,8649 115,5078
336,8679 145,619
336,8709 114,2679
336,8739 140,3342
336,8769 118,4602
336,8799 105,1222
336,8829 138,4251
336,8859 137,6561
336,8889 149,1186
336,8919 147,66
336,8949 138,6688
336,8979 157,5163
336,9009 151,1245
336,9039 138,3079
336,9069 128,2802
336,9099 147,1224
336,9129 137,5412
336,9159 117,1743
336,9189 144,5142
336,9219 108,437
336,9249 150,5305
336,9279 188,0063
336,9309 145,5429
336,9339 144,4314
336,937 192,5551
336,9399 155,1374
336,9429 195,3628
336,946 196,2818
336,9489 164,2358
336,952 176,6794
336,955 173,6432
336,9579 168,6601
336,961 210,862
336,964 188,7622
336,967 162,2205
336,97 187,3264
336,973 185,4286
336,976 210,4874
336,979 184,3145
336,982 226,1414
336,985 254,5176
336,988 187,0899
336,991 195,7596
336,994 213,2832
336,997 206,265
337 193,9438
337,003 226,1019
337,006 187,7567
337,009 236,1073
337,012 258,5358
337,015 215,9186
337,018 240,934
337,021 256,4205
337,024 262,5366
337,027 293,7643
337,03 247,058
337,033 249,3857
337,036 245,2047
337,039 224,7111
337,0421 296,8284
337,045 292,6611
337,048 272,5872
337,0511 263,2929
337,054 304,0851
337,0571 335,9049
337,0601 283,5624
337,063 276,5147
337,0661 310,2158
337,0691 299,355
337,0721 343,9073
337,0751 331,2764
337,0781 315,8126
337,0811 330,197
337,0841 337,1791
337,0871 351,1562
337,0901 356,2892
337,0931 387,1673
337,0961 347,3025
337,0991 379,2949
337,1021 355,8331
337,1051 361,703
337,1081 387,1022
337,1111 390,7933
337,1141 396,134
337,1171 409,5254
337,1201 460,9742
337,1231 409,3284
337,1261 436,2518
337,1291 436,4595
337,1321 459,6246
337,1351 480,7465
337,1382 460,2487
337,1411 496,0097
337,1441 487,4296
337,1472 485,2549
337,1501 523,1945
337,1532 495,9333
337,1562 530,8517
337,1591 538,1112
337,1622 537,7973
337,1652 578,5589
337,1682 564,1883
337,1712 589,4353
337,1742 608,5724
337,1772 614,6305
337,1802 603,8919
337,1832 638,9664
337,1862 615,7938
337,1892 665,8934
337,1922 648,1503
337,1952 689,4156
337,1982 708,5048
337,2012 695,197
337,2042 724,9592
337,2072 730,4731
337,2102 771,7633
337,2132 795,7733
337,2162 774,6441
337,2192 837,858
337,2222 783,0078
337,2252 814,6949
337,2282 861,7192
337,2312 885,7204
337,2342 900,5208
337,2372 914,8076
337,2402 955,1197
337,2433 948,2451
337,2462 944,975
337,2492 981,0297
337,2523 1008,503
337,2552 1007,116
337,2583 1042,844
337,2613 1087,529
337,2643 1098,849
337,2673 1170,556
337,2703 1165,185
337,2733 1216,091
337,2763 1187,281
337,2793 1263,373
337,2823 1273,975
337,2853 1310,042
337,2883 1374,732
337,2913 1376,471
337,2943 1402,524
337,2973 1461,968
337,3003 1500,924
337,3033 1531,707
337,3063 1561,993
337,3093 1601,83
337,3123 1629,834
337,3153 1687,691
337,3183 1734,563
337,3213 1762,01
337,3243 1827,494
337,3273 1895,744
337,3303 1915,92
337,3333 1992,326
337,3363 2034,108
337,3393 2095,974
337,3423 2157,518
337,3453 2192,093
337,3484 2290,156
337,3513 2316,079
337,3543 2417,368
337,3574 2452,037
337,3604 2528,92
337,3634 2658,23
337,3664 2700,639
337,3694 2813,849
337,3724 2875,719
337,3754 2963,889
337,3784 3092,303
337,3814 3179,84
337,3844 3260,908
337,3874 3395,388
337,3904 3483,142
337,3934 3612,35
337,3964 3723,004
337,3994 3873,184
337,4024 3963,102
337,4054 4128,52
337,4084 4252,318
337,4114 4415,191
337,4144 4552,926
337,4174 4730,154
337,4204 4897,765
337,4234 5052,966
337,4264 5217,364
337,4294 5420,529
337,4324 5563,877
337,4354 5779,107
337,4384 6001,628
337,4414 6248,737
337,4445 6425,369
337,4474 6701,672
337,4504 6955,152
337,4535 7219,475
337,4565 7525,479
337,4595 7779,535
337,4625 8102,923
337,4655 8344,395
337,4685 8665,086
337,4715 9054,456
337,4745 9397,307
337,4775 9656,875
337,4805 9928,193
337,4835 10340,24
337,4865 10730,08
337,4895 11074,37
337,4925 11506,46
337,4955 11849,8
337,4985 12224,98
337,5015 12641,82
337,5045 13007,05
337,5075 13321,59
337,5105 13725,09
337,5135 14082,88
337,5165 14380,1
337,5195 14650,95
337,5225 14940,62
337,5255 15176,27
337,5285 15377,62
337,5315 15507,66
337,5345 15635,99
337,5375 15719,78
337,5405 15714,99
337,5435 15655,74
337,5465 15608,31
337,5496 15389,65
337,5526 15161,21
337,5555 14989,88
337,5586 14562,28
337,5616 14133,02
337,5646 13650,14
337,5676 13053,36
337,5706 12482,15
337,5736 11787,85
337,5766 10976,43
337,5796 10147,62
337,5826 9300,294
337,5856 8458,493
337,5886 7545,43
337,5916 6641,999
337,5946 5638,084
337,5976 4639,258
337,6006 3629,121
337,6036 2666,75
337,6066 1844,394
337,6096 817,6641
337,6126 -154,1178
337,6156 -881,5804
337,6186 -1694,266
337,6216 -2442,612
337,6246 -3114,24
337,6276 -3869,699
337,6306 -4552,724
337,6336 -5117,77
337,6366 -5760,187
337,6396 -6335,778
337,6426 -6806,752
337,6457 -7307,752
337,6487 -7806,663
337,6516 -8220,836
337,6547 -8553,104
337,6577 -8934,093
337,6607 -9217,67
337,6637 -9519,128
337,6667 -9776,503
337,6697 -10030,14
337,6727 -10163,77
337,6757 -10370,13
337,6787 -10585,63
337,6817 -10717,42
337,6847 -10824,38
337,6877 -10952,73
337,6907 -11084,18
337,6937 -11159,71
337,6967 -11249,4
337,6997 -11331,52
337,7027 -11360,15
337,7057 -11368,88
337,7087 -11423,65
337,7117 -11408,02
337,7147 -11386,91
337,7177 -11395,68
337,7207 -11349,98
337,7237 -11296,5
337,7267 -11251,24
337,7297 -11144,62
337,7327 -11048,43
337,7357 -10965,51
337,7387 -10885,18
337,7417 -10770,86
337,7448 -10549,55
337,7477 -10521,69
337,7508 -10311,98
337,7538 -10253,05
337,7567 -10052,6
337,7598 -9887,61
337,7628 -9663,391
337,7658 -9493,871
337,7688 -9311,88
337,7718 -9106,776
337,7748 -8864,929
337,7778 -8725,938
337,7808 -8502,287
337,7838 -8284,485
337,7868 -8069,84
337,7898 -7861,609
337,7928 -7633,546
337,7958 -7437,795
337,7988 -7221,993
337,8018 -7015,653
337,8048 -6812,813
337,8078 -6635,591
337,8108 -6411,994
337,8138 -6277,177
337,8168 -6126,093
337,8198 -5889,568
337,8228 -5683,47
337,8258 -5546,563
337,8288 -5392,452
337,8318 -5208,706
337,8348 -5079,885
337,8378 -4891,265
337,8409 -4744,241
337,8438 -4607,794
337,8468 -4434,16
337,8499 -4358,825
337,8528 -4202,216
337,8559 -4040,634
337,8589 -3955,704
337,8618 -3853,181
337,8649 -3726,632
337,8679 -3624,3
337,8709 -3514,615
337,8739 -3368,441
337,8769 -3307,088
337,8799 -3199,454
337,8829 -3153,715
337,8859 -3034,188
337,8889 -2951,412
337,8919 -2824,675
337,8949 -2760,477
337,8979 -2701,603
337,9009 -2588,111
337,9039 -2543,762
337,9069 -2486,577
337,9099 -2393,166
337,9129 -2302,167
337,9159 -2275,406
337,9189 -2221,006
337,9219 -2151,088
337,9249 -2061,173
337,9279 -2047,441
337,9309 -2005,406
337,9339 -1943,142
337,937 -1914,058
337,9399 -1849,355
337,9429 -1797,267
337,946 -1702,807
337,9489 -1673,799
337,952 -1671,641
337,955 -1610,921
337,9579 -1563,347
337,961 -1514,092
337,964 -1512,346
337,967 -1455,003
337,97 -1406,671
337,973 -1373,764
337,976 -1359,454
337,979 -1303,211
337,982 -1281,963
337,985 -1268,025
337,988 -1221,558
337,991 -1198,346
337,994 -1179,661
337,997 -1158,161
338 -1122,358
338,003 -1109,851
338,006 -1078,17
338,009 -1071,423
338,012 -1038,024
338,015 -971,7405
338,018 -1014,076
338,021 -965,4179
338,024 -935,8609
338,027 -920,2295
338,03 -890,1591
338,033 -868,6522
338,036 -889,3364
338,039 -840,4683
338,0421 -814,4799
338,045 -787,2042
338,048 -783,1332
338,0511 -775,2838
338,054 -740,7693
338,0571 -725,4994
338,0601 -746,7975
338,063 -699,2444
338,0661 -706,5032
338,0691 -668,6497
338,0721 -680,5749
338,0751 -658,1926
338,0781 -597,5547
338,0811 -659,9503
338,0841 -626,3324
338,0871 -618,9885
338,0901 -606,6624
338,0931 -582,4799
338,0961 -533,217
338,0991 -553,8054
338,1021 -542,3679
338,1051 -547,2478
338,1081 -523,1189
338,1111 -512,5853
338,1141 -484,9164
338,1171 -503,84
338,1201 -498,0954
338,1231 -481,8261
338,1261 -471,291
338,1291 -435,3013
338,1321 -452,4742
338,1351 -458,7223
338,1382 -385,4668
338,1411 -419,0873
338,1441 -409,1148
338,1472 -408,5614
338,1501 -425,374
338,1532 -422,5005
338,1562 -365,2365
338,1591 -367,6052
338,1622 -381,5784
338,1652 -367,8978
338,1682 -384,2474
338,1712 -359,0148
338,1742 -367,4319
338,1772 -349,5901
338,1802 -334,0611
338,1832 -347,2369
338,1862 -322,3226
338,1892 -326,9986
338,1922 -315,3858
338,1952 -313,823
338,1982 -327,6854
338,2012 -314,0733
338,2042 -295,35
338,2072 -310,9658
338,2102 -312,107
338,2132 -289,8181
338,2162 -261,6801
338,2192 -300,8044
338,2222 -268,0021
338,2252 -245,03
338,2282 -257,8569
338,2312 -235,7399
338,2342 -224,78
338,2372 -240,1335
338,2402 -264,5382
338,2433 -251,3689
338,2462 -204,865
338,2492 -269,5651
338,2523 -183,5147
338,2552 -191,9088
338,2583 -212,6745
338,2613 -250,2312
338,2643 -231,4369
338,2673 -207,7289
338,2703 -199,9355
338,2733 -188,2183
338,2763 -200,3214
338,2793 -227,8252
338,2823 -177,2424
338,2853 -201,8665
338,2883 -196,6256
338,2913 -218,3832
338,2943 -220,1297
338,2973 -198,6725
338,3003 -200,2181
338,3033 -139,0162
338,3063 -242,758
338,3093 -170,8306
338,3123 -137,4253
338,3153 -132,1966
338,3183 -180,1211
338,3213 -155,5303
338,3243 -162,6508
338,3273 -164,6983
338,3303 -163,9415
338,3333 -159,6642
338,3363 -164,5947
338,3393 -132,7626
338,3423 -149,6995
338,3453 -122,2256
338,3484 -132,8531
338,3513 -102,6735
338,3543 -123,875
338,3574 -162,8468
338,3604 -100,7216
338,3634 -153,7748
338,3664 -113,5099
338,3694 -126,8014
338,3724 -133,0647
338,3754 -88,98917
338,3784 -102,4332
338,3814 -79,58686
338,3844 -130,5148
338,3874 -118,4708
338,3904 -135,4725
338,3934 -105,4875
338,3964 -123,1708
338,3994 -113,1771
338,4024 -126,2657
338,4054 -132,0924
338,4084 -101,9559
338,4114 -117,1242
338,4144 -78,68905
338,4174 -106,0849
338,4204 -85,60913
338,4234 -98,72303
338,4264 -89,04943
338,4294 -111,5272
338,4324 -73,94437
338,4354 -89,5211
338,4384 -75,32643
338,4414 -112,5329
338,4445 -110,2955
338,4474 -105,4981
338,4504 -75,33697
338,4535 -81,95464
338,4565 -110,6327
338,4595 -107,1813
338,4625 -77,09597
338,4655 -71,29617
338,4685 -112,7128
338,4715 -83,39177
338,4745 -82,15714
338,4775 -81,95954
338,4805 -68,19083
338,4835 -70,20076
338,4865 -79,05978
338,4895 -106,1992
338,4925 -78,57758
338,4955 -89,37074
338,4985 -72,15899
338,5015 -64,14741
338,5045 -46,8964
338,5075 -56,00975
338,5105 -74,60422
338,5135 -31,56273
338,5165 -81,77162
338,5195 -60,42321
338,5225 -75,03601
338,5255 -53,68221
338,5285 -53,54578
338,5315 -71,28073
338,5345 -50,60072
338,5375 -61,76454
338,5405 -55,43377
338,5435 -72,54657
338,5465 -70,73199
338,5496 -31,86782
338,5526 -62,0102
338,5555 -51,59449
338,5586 -20,15621
338,5616 -95,44925
338,5646 -61,63002
338,5676 -63,4606
338,5706 -38,1587
338,5736 -23,92059
338,5766 -71,61362
338,5796 -17,36122
338,5826 -64,7813
338,5856 -48,6527
338,5886 -43,3488
338,5916 -37,1763
338,5946 -23,99018
338,5976 -55,89347
338,6006 -55,68799
338,6036 -41,91658
338,6066 -12,08654
338,6096 -2,838897
338,6126 -36,92324
338,6156 -61,22853
338,6186 -19,63132
338,6216 -39,03415
338,6246 -74,41225
338,6276 -27,60875
338,6306 -70,66615
338,6336 -22,17823
338,6366 -35,20552
338,6396 -25,7764
338,6426 -66,12558
338,6457 -6,456883
338,6487 -55,05304
338,6516 -32,37847
338,6547 -19,90779
338,6577 -19,88699
338,6607 -53,12239
338,6637 1,314656
338,6667 -15,78975
338,6697 -5,376791
338,6727 -47,95487
338,6757 -25,98001
338,6787 0,906755
338,6817 -48,95842
338,6847 14,31234
338,6877 -20,23642
338,6907 -19,96078
338,6937 -17,20433
338,6967 -26,61909
338,6997 -59,57611
338,7027 -62,08229
338,7057 -19,92647
338,7087 -50,32613
338,7117 -46,43895
338,7147 10,52476
338,7177 -26,87773
338,7207 -19,00244
338,7237 -78,85539
338,7267 -28,25865
338,7297 3,09233
338,7327 -38,82123
338,7357 -44,36326
338,7387 -21,0634
338,7417 -3,448593
338,7448 15,11835
338,7477 -11,60441
338,7508 12,24614
338,7538 -43,34959
338,7567 -12,57667
338,7598 8,702083
338,7628 -23,59407
338,7658 -8,139437
338,7688 -13,10065
338,7718 -33,24969
338,7748 -5,22877
338,7778 -2,417337
338,7808 -41,06525
338,7838 20,80324
338,7868 0,8863633
338,7898 17,3943
338,7928 -13,07149
338,7958 -33,90259
338,7988 -10,50705
338,8018 6,799966
338,8048 16,49351
338,8078 -21,19108
338,8108 -36,73228
338,8138 -10,96741
338,8168 -18,87804
338,8198 -29,41037
338,8228 -16,05173
338,8258 -13,35917
338,8288 -0,6624001
338,8318 14,51137
338,8348 18,34993
338,8378 13,66262
338,8409 24,05503
338,8438 15,10537
338,8468 12,35981
338,8499 9,064956
338,8528 -6,64985
338,8559 11,90208
338,8589 14,14039
338,8618 -6,373936
338,8649 25,26318
338,8679 -4,169684
338,8709 5,837187
338,8739 -2,985057
338,8769 1,215101
338,8799 1,236902
338,8829 -1,46432
338,8859 -9,455873
338,8889 5,033794
338,8919 4,079413
338,8949 -0,1812602
338,8979 3,058986
338,9009 16,18109
338,9039 -23,13958
338,9069 9,421801
338,9099 -26,09632
338,9129 -4,010019
338,9159 21,92738
338,9189 9,111394
338,9219 8,708662
338,9249 3,869454
338,9279 17,23547
338,9309 -1,883778
338,9339 15,73496
338,937 17,34051
338,9399 27,04428
338,9429 -14,18405
338,946 22,89317
338,9489 33,2429
338,952 -17,04691
338,955 25,79418
338,9579 5,614958
338,961 -32,32034
338,964 23,49829
338,967 30,37047
338,97 6,303167
338,973 17,56859
338,976 33,33854
338,979 15,30873
338,982 25,98761
338,985 17,59015
338,988 41,71398
338,991 -1,104997
338,994 4,650003
338,997 6,994243
339 0
336 0
336,003 -39,5064
336,006 -8,077991
336,009 -32,61424
336,012 -38,90274
336,015 -36,86374
336,018 -16,69769
336,021 -21,46868
336,024 -4,650794
336,027 -20,87061
336,03 -11,13715
336,033 -21,16018
336,036 -54,40024
336,039 -39,35363
336,0421 14,53129
336,045 -3,751667
336,048 -9,045461
336,0511 -50,6856
336,054 -9,143225
336,0571 -24,26499
336,0601 -29,65099
336,063 -20,00166
336,0661 -44,77979
336,0691 -25,57025
336,0721 -15,37544
336,0751 -20,59965
336,0781 -10,50816
336,0811 -36,8707
336,0841 0,5997018
336,0871 -34,73321
336,0901 7,670189
336,0931 -0,1071899
336,0961 -21,14192
336,0991 10,25416
336,1021 12,58529
336,1051 -5,58291
336,1081 10,72702
336,1111 -5,219057
336,1141 -13,03365
336,1171 -6,351733
336,1201 -7,17022
336,1231 -28,83355
336,1261 -22,84827
336,1291 -20,46692
336,1321 -44,7299
336,1351 -9,670436
336,1382 -19,21425
336,1411 -12,55173
336,1441 25,24086
336,1472 -21,12007
336,1501 2,240666
336,1532 -1,855639
336,1562 -36,82946
336,1591 3,928292
336,1622 -3,821834
336,1652 -14,0185
336,1682 -27,44806
336,1712 3,744558
336,1742 4,13572
336,1772 -19,15813
336,1802 17,91763
336,1832 -17,26391
336,1862 -0,795019
336,1892 24,87579
336,1922 -21,85004
336,1952 7,629909
336,1982 8,924226
336,2012 -44,04389
336,2042 -0,1758131
336,2072 -16,53573
336,2102 -31,08317
336,2132 -22,23214
336,2162 23,15089
336,2192 -23,58467
336,2222 -13,797
336,2252 7,351077
336,2282 3,451889
336,2312 7,35128
336,2342 23,17661
336,2372 4,814855
336,2402 24,50757
336,2433 2,155587
336,2462 0,1004125
336,2492 -44,30132
336,2523 24,73908
336,2552 6,656597
336,2583 3,983306
336,2613 -4,419151
336,2643 7,283733
336,2673 3,57058
336,2703 -7,245901
336,2733 22,21338
336,2763 -9,180731
336,2793 15,73798
336,2823 21,09959
336,2853 -18,91644
336,2883 -0,4081593
336,2913 21,39407
336,2943 22,64587
336,2973 25,08457
336,3003 -3,980852
336,3033 -9,115903
336,3063 -10,90357
336,3093 17,77813
336,3123 13,58113
336,3153 -28,92602
336,3183 32,39031
336,3213 0,1815645
336,3243 -0,2485674
336,3273 37,46255
336,3303 -20,1849
336,3333 14,10716
336,3363 3,743482
336,3393 -31,60314
336,3423 -3,740162
336,3453 15,33591
336,3484 40,99475
336,3513 13,37553
336,3543 9,327425
336,3574 20,03452
336,3604 25,53289
336,3634 14,43886
336,3664 13,14429
336,3694 31,43389
336,3724 29,0663
336,3754 -4,207437
336,3784 -13,76329
336,3814 11,59018
336,3844 14,84113
336,3874 -12,78073
336,3904 5,600346
336,3934 29,74977
336,3964 20,62959
336,3994 -6,546407
336,4024 40,06166
336,4054 26,35368
336,4084 67,71698
336,4114 13,30733
336,4144 -20,72575
336,4174 -8,732363
336,4204 24,35059
336,4234 -8,062424
336,4264 25,71183
336,4294 15,27903
336,4324 43,74451
336,4354 18,68743
336,4384 5,080864
336,4414 -10,24812
336,4445 32,02253
336,4474 16,73702
336,4504 62,88416
336,4535 47,04245
336,4565 56,99567
336,4595 58,23699
336,4625 10,12215
336,4655 44,53885
336,4685 18,50552
336,4715 9,655289
336,4745 42,54762
336,4775 11,02942
336,4805 64,38142
336,4835 47,66739
336,4865 33,79008
336,4895 26,72384
336,4925 31,41831
336,4955 21,52424
336,4985 3,219905
336,5015 2,179334
336,5045 15,80037
336,5075 21,88564
336,5105 18,91195
336,5135 10,03882
336,5165 29,41853
336,5195 28,60595
336,5225 23,35427
336,5255 19,15264
336,5285 31,14006
336,5315 40,78156
336,5345 23,61784
336,5375 15,79123
336,5405 43,24997
336,5435 78,52122
336,5465 52,72668
336,5496 4,842712
336,5526 12,71791
336,5555 8,472243
336,5586 53,10637
336,5616 47,26911
336,5646 32,31254
336,5676 44,1928
336,5706 39,0733
336,5736 38,54556
336,5766 17,99243
336,5796 33,92525
336,5826 33,39962
336,5856 8,220189
336,5886 -32,41273
336,5916 39,26718
336,5946 53,24479
336,5976 62,59952
336,6006 -8,537896
336,6036 44,02605
336,6066 47,478
336,6096 44,43496
336,6126 38,0161
336,6156 35,61825
336,6186 63,18729
336,6216 32,54161
336,6246 47,02057
336,6276 54,65859
336,6306 38,68658
336,6336 68,43081
336,6366 38,75902
336,6396 61,19316
336,6426 56,22104
336,6457 45,99681
336,6487 50,37067
336,6516 31,88919
336,6547 31,2176
336,6577 39,31218
336,6607 54,13758
336,6637 38,02813
336,6667 47,27854
336,6697 40,84863
336,6727 24,90526
336,6757 27,60096
336,6787 2,135349
336,6817 18,39516
336,6847 46,36931
336,6877 80,10568
336,6907 67,99186
336,6937 42,03931
336,6967 93,4698
336,6997 50,66365
336,7027 60,84088
336,7057 90,27725
336,7087 81,07999
336,7117 36,32849
336,7147 26,9169
336,7177 99,55628
336,7207 77,69163
336,7237 68,84656
336,7267 102,4227
336,7297 68,73332
336,7327 73,54179
336,7357 99,42909
336,7387 102,9601
336,7417 80,61662
336,7448 67,36919
336,7477 81,38332
336,7508 60,00456
336,7538 117,0288
336,7567 57,48526
336,7598 67,59375
336,7628 63,34772
336,7658 88,51384
336,7688 111,1454
336,7718 68,64097
336,7748 101,0618
336,7778 49,46025
336,7808 97,16171
336,7838 79,25025
336,7868 87,88321
336,7898 84,93156
336,7928 61,93288
336,7958 90,42474
336,7988 96,39742
336,8018 70,17175
336,8048 93,73247
336,8078 119,4679
336,8108 83,7792
336,8138 99,24908
336,8168 111,6337
336,8198 134,5044
336,8228 106,5741
336,8258 103,6591
336,8288 113,268
336,8318 96,48555
336,8348 78,06424
336,8378 106,7755
336,8409 112,3331
336,8438 80,60434
336,8468 114,4518
336,8499 90,18949
336,8528 104,5525
336,8559 137,9249
336,8589 105,6298
336,8618 155,3221
336,8649 115,5078
336,8679 145,619
336,8709 114,2679
336,8739 140,3342
336,8769 118,4602
336,8799 105,1222
336,8829 138,4251
336,8859 137,6561
336,8889 149,1186
336,8919 147,66
336,8949 138,6688
336,8979 157,5163
336,9009 151,1245
336,9039 138,3079
336,9069 128,2802
336,9099 147,1224
336,9129 137,5412
336,9159 117,1743
336,9189 144,5142
336,9219 108,437
336,9249 150,5305
336,9279 188,0063
336,9309 145,5429
336,9339 144,4314
336,937 192,5551
336,9399 155,1374
336,9429 195,3628
336,946 196,2818
336,9489 164,2358
336,952 176,6794
336,955 173,6432
336,9579 168,6601
336,961 210,862
336,964 188,7622
336,967 162,2205
336,97 187,3264
336,973 185,4286
336,976 210,4874
336,979 184,3145
336,982 226,1414
336,985 254,5176
336,988 187,0899
336,991 195,7596
336,994 213,2832
336,997 206,265
337 193,9438
337,003 226,1019
337,006 187,7567
337,009 236,1073
337,012 258,5358
337,015 215,9186
337,018 240,934
337,021 256,4205
337,024 262,5366
337,027 293,7643
337,03 247,058
337,033 249,3857
337,036 245,2047
337,039 224,7111
337,0421 296,8284
337,045 292,6611
337,048 272,5872
337,0511 263,2929
337,054 304,0851
337,0571 335,9049
337,0601 283,5624
337,063 276,5147
337,0661 310,2158
337,0691 299,355
337,0721 343,9073
337,0751 331,2764
337,0781 315,8126
337,0811 330,197
337,0841 337,1791
337,0871 351,1562
337,0901 356,2892
337,0931 387,1673
337,0961 347,3025
337,0991 379,2949
337,1021 355,8331
337,1051 361,703
337,1081 387,1022
337,1111 390,7933
337,1141 396,134
337,1171 409,5254
337,1201 460,9742
337,1231 409,3284
337,1261 436,2518
337,1291 436,4595
337,1321 459,6246
337,1351 480,7465
337,1382 460,2487
337,1411 496,0097
337,1441 487,4296
337,1472 485,2549
337,1501 523,1945
337,1532 495,9333
337,1562 530,8517
337,1591 538,1112
337,1622 537,7973
337,1652 578,5589
337,1682 564,1883
337,1712 589,4353
337,1742 608,5724
337,1772 614,6305
337,1802 603,8919
337,1832 638,9664
337,1862 615,7938
337,1892 665,8934
337,1922 648,1503
337,1952 689,4156
337,1982 708,5048
337,2012 695,197
337,2042 724,9592
337,2072 730,4731
337,2102 771,7633
337,2132 795,7733
337,2162 774,6441
337,2192 837,858
337,2222 783,0078
337,2252 814,6949
337,2282 861,7192
337,2312 885,7204
337,2342 900,5208
337,2372 914,8076
337,2402 955,1197
337,2433 948,2451
337,2462 944,975
337,2492 981,0297
337,2523 1008,503
337,2552 1007,116
337,2583 1042,844
337,2613 1087,529
337,2643 1098,849
337,2673 1170,556
337,2703 1165,185
337,2733 1216,091
337,2763 1187,281
337,2793 1263,373
337,2823 1273,975
337,2853 1310,042
337,2883 1374,732
337,2913 1376,471
337,2943 1402,524
337,2973 1461,968
337,3003 1500,924
337,3033 1531,707
337,3063 1561,993
337,3093 1601,83
337,3123 1629,834
337,3153 1687,691
337,3183 1734,563
337,3213 1762,01
337,3243 1827,494
337,3273 1895,744
337,3303 1915,92
337,3333 1992,326
337,3363 2034,108
337,3393 2095,974
337,3423 2157,518
337,3453 2192,093
337,3484 2290,156
337,3513 2316,079
337,3543 2417,368
337,3574 2452,037
337,3604 2528,92
337,3634 2658,23
337,3664 2700,639
337,3694 2813,849
337,3724 2875,719
337,3754 2963,889
337,3784 3092,303
337,3814 3179,84
337,3844 3260,908
337,3874 3395,388
337,3904 3483,142
337,3934 3612,35
337,3964 3723,004
337,3994 3873,184
337,4024 3963,102
337,4054 4128,52
337,4084 4252,318
337,4114 4415,191
337,4144 4552,926
337,4174 4730,154
337,4204 4897,765
337,4234 5052,966
337,4264 5217,364
337,4294 5420,529
337,4324 5563,877
337,4354 5779,107
337,4384 6001,628
337,4414 6248,737
337,4445 6425,369
337,4474 6701,672
337,4504 6955,152
337,4535 7219,475
337,4565 7525,479
337,4595 7779,535
337,4625 8102,923
337,4655 8344,395
337,4685 8665,086
337,4715 9054,456
337,4745 9397,307
337,4775 9656,875
337,4805 9928,193
337,4835 10340,24
337,4865 10730,08
337,4895 11074,37
337,4925 11506,46
337,4955 11849,8
337,4985 12224,98
337,5015 12641,82
337,5045 13007,05
337,5075 13321,59
337,5105 13725,09
337,5135 14082,88
337,5165 14380,1
337,5195 14650,95
337,5225 14940,62
337,5255 15176,27
337,5285 15377,62
337,5315 15507,66
337,5345 15635,99
337,5375 15719,78
337,5405 15714,99
337,5435 15655,74
337,5465 15608,31
337,5496 15389,65
337,5526 15161,21
337,5555 14989,88
337,5586 14562,28
337,5616 14133,02
337,5646 13650,14
337,5676 13053,36
337,5706 12482,15
337,5736 11787,85
337,5766 10976,43
337,5796 10147,62
337,5826 9300,294
337,5856 8458,493
337,5886 7545,43
337,5916 6641,999
337,5946 5638,084
337,5976 4639,258
337,6006 3629,121
337,6036 2666,75
337,6066 1844,394
337,6096 817,6641
337,6126 -154,1178
337,6156 -881,5804
337,6186 -1694,266
337,6216 -2442,612
337,6246 -3114,24
337,6276 -3869,699
337,6306 -4552,724
337,6336 -5117,77
337,6366 -5760,187
337,6396 -6335,778
337,6426 -6806,752
337,6457 -7307,752
337,6487 -7806,663
337,6516 -8220,836
337,6547 -8553,104
337,6577 -8934,093
337,6607 -9217,67
337,6637 -9519,128
337,6667 -9776,503
337,6697 -10030,14
337,6727 -10163,77
337,6757 -10370,13
337,6787 -10585,63
337,6817 -10717,42
337,6847 -10824,38
337,6877 -10952,73
337,6907 -11084,18
337,6937 -11159,71
337,6967 -11249,4
337,6997 -11331,52
337,7027 -11360,15
337,7057 -11368,88
337,7087 -11423,65
337,7117 -11408,02
337,7147 -11386,91
337,7177 -11395,68
337,7207 -11349,98
337,7237 -11296,5
337,7267 -11251,24
337,7297 -11144,62
337,7327 -11048,43
337,7357 -10965,51
337,7387 -10885,18
337,7417 -10770,86
337,7448 -10549,55
337,7477 -10521,69
337,7508 -10311,98
337,7538 -10253,05
337,7567 -10052,6
337,7598 -9887,61
337,7628 -9663,391
337,7658 -9493,871
337,7688 -9311,88
337,7718 -9106,776
337,7748 -8864,929
337,7778 -8725,938
337,7808 -8502,287
337,7838 -8284,485
337,7868 -8069,84
337,7898 -7861,609
337,7928 -7633,546
337,7958 -7437,795
337,7988 -7221,993
337,8018 -7015,653
337,8048 -6812,813
337,8078 -6635,591
337,8108 -6411,994
337,8138 -6277,177
337,8168 -6126,093
337,8198 -5889,568
337,8228 -5683,47
337,8258 -5546,563
337,8288 -5392,452
337,8318 -5208,706
337,8348 -5079,885
337,8378 -4891,265
337,8409 -4744,241
337,8438 -4607,794
337,8468 -4434,16
337,8499 -4358,825
337,8528 -4202,216
337,8559 -4040,634
337,8589 -3955,704
337,8618 -3853,181
337,8649 -3726,632
337,8679 -3624,3
337,8709 -3514,615
337,8739 -3368,441
337,8769 -3307,088
337,8799 -3199,454
337,8829 -3153,715
337,8859 -3034,188
337,8889 -2951,412
337,8919 -2824,675
337,8949 -2760,477
337,8979 -2701,603
337,9009 -2588,111
337,9039 -2543,762
337,9069 -2486,577
337,9099 -2393,166
337,9129 -2302,167
337,9159 -2275,406
337,9189 -2221,006
337,9219 -2151,088
337,9249 -2061,173
337,9279 -2047,441
337,9309 -2005,406
337,9339 -1943,142
337,937 -1914,058
337,9399 -1849,355
337,9429 -1797,267
337,946 -1702,807
337,9489 -1673,799
337,952 -1671,641
337,955 -1610,921
337,9579 -1563,347
337,961 -1514,092
337,964 -1512,346
337,967 -1455,003
337,97 -1406,671
337,973 -1373,764
337,976 -1359,454
337,979 -1303,211
337,982 -1281,963
337,985 -1268,025
337,988 -1221,558
337,991 -1198,346
337,994 -1179,661
337,997 -1158,161
338 -1122,358
338,003 -1109,851
338,006 -1078,17
338,009 -1071,423
338,012 -1038,024
338,015 -971,7405
338,018 -1014,076
338,021 -965,4179
338,024 -935,8609
338,027 -920,2295
338,03 -890,1591
338,033 -868,6522
338,036 -889,3364
338,039 -840,4683
338,0421 -814,4799
338,045 -787,2042
338,048 -783,1332
338,0511 -775,2838
338,054 -740,7693
338,0571 -725,4994
338,0601 -746,7975
338,063 -699,2444
338,0661 -706,5032
338,0691 -668,6497
338,0721 -680,5749
338,0751 -658,1926
338,0781 -597,5547
338,0811 -659,9503
338,0841 -626,3324
338,0871 -618,9885
338,0901 -606,6624
338,0931 -582,4799
338,0961 -533,217
338,0991 -553,8054
338,1021 -542,3679
338,1051 -547,2478
338,1081 -523,1189
338,1111 -512,5853
338,1141 -484,9164
338,1171 -503,84
338,1201 -498,0954
338,1231 -481,8261
338,1261 -471,291
338,1291 -435,3013
338,1321 -452,4742
338,1351 -458,7223
338,1382 -385,4668
338,1411 -419,0873
338,1441 -409,1148
338,1472 -408,5614
338,1501 -425,374
338,1532 -422,5005
338,1562 -365,2365
338,1591 -367,6052
338,1622 -381,5784
338,1652 -367,8978
338,1682 -384,2474
338,1712 -359,0148
338,1742 -367,4319
338,1772 -349,5901
338,1802 -334,0611
338,1832 -347,2369
338,1862 -322,3226
338,1892 -326,9986
338,1922 -315,3858
338,1952 -313,823
338,1982 -327,6854
338,2012 -314,0733
338,2042 -295,35
338,2072 -310,9658
338,2102 -312,107
338,2132 -289,8181
338,2162 -261,6801
338,2192 -300,8044
338,2222 -268,0021
338,2252 -245,03
338,2282 -257,8569
338,2312 -235,7399
338,2342 -224,78
338,2372 -240,1335
338,2402 -264,5382
338,2433 -251,3689
338,2462 -204,865
338,2492 -269,5651
338,2523 -183,5147
338,2552 -191,9088
338,2583 -212,6745
338,2613 -250,2312
338,2643 -231,4369
338,2673 -207,7289
338,2703 -199,9355
338,2733 -188,2183
338,2763 -200,3214
338,2793 -227,8252
338,2823 -177,2424
338,2853 -201,8665
338,2883 -196,6256
338,2913 -218,3832
338,2943 -220,1297
338,2973 -198,6725
338,3003 -200,2181
338,3033 -139,0162
338,3063 -242,758
338,3093 -170,8306
338,3123 -137,4253
338,3153 -132,1966
338,3183 -180,1211
338,3213 -155,5303
338,3243 -162,6508
338,3273 -164,6983
338,3303 -163,9415
338,3333 -159,6642
338,3363 -164,5947
338,3393 -132,7626
338,3423 -149,6995
338,3453 -122,2256
338,3484 -132,8531
338,3513 -102,6735
338,3543 -123,875
338,3574 -162,8468
338,3604 -100,7216
338,3634 -153,7748
338,3664 -113,5099
338,3694 -126,8014
338,3724 -133,0647
338,3754 -88,98917
338,3784 -102,4332
338,3814 -79,58686
338,3844 -130,5148
338,3874 -118,4708
338,3904 -135,4725
338,3934 -105,4875
338,3964 -123,1708
338,3994 -113,1771
338,4024 -126,2657
338,4054 -132,0924
338,4084 -101,9559
338,4114 -117,1242
338,4144 -78,68905
338,4174 -106,0849
338,4204 -85,60913
338,4234 -98,72303
338,4264 -89,04943
338,4294 -111,5272
338,4324 -73,94437
338,4354 -89,5211
338,4384 -75,32643
338,4414 -112,5329
338,4445 -110,2955
338,4474 -105,4981
338,4504 -75,33697
338,4535 -81,95464
338,4565 -110,6327
338,4595 -107,1813
338,4625 -77,09597
338,4655 -71,29617
338,4685 -112,7128
338,4715 -83,39177
338,4745 -82,15714
338,4775 -81,95954
338,4805 -68,19083
338,4835 -70,20076
338,4865 -79,05978
338,4895 -106,1992
338,4925 -78,57758
338,4955 -89,37074
338,4985 -72,15899
338,5015 -64,14741
338,5045 -46,8964
338,5075 -56,00975
338,5105 -74,60422
338,5135 -31,56273
338,5165 -81,77162
338,5195 -60,42321
338,5225 -75,03601
338,5255 -53,68221
338,5285 -53,54578
338,5315 -71,28073
338,5345 -50,60072
338,5375 -61,76454
338,5405 -55,43377
338,5435 -72,54657
338,5465 -70,73199
338,5496 -31,86782
338,5526 -62,0102
338,5555 -51,59449
338,5586 -20,15621
338,5616 -95,44925
338,5646 -61,63002
338,5676 -63,4606
338,5706 -38,1587
338,5736 -23,92059
338,5766 -71,61362
338,5796 -17,36122
338,5826 -64,7813
338,5856 -48,6527
338,5886 -43,3488
338,5916 -37,1763
338,5946 -23,99018
338,5976 -55,89347
338,6006 -55,68799
338,6036 -41,91658
338,6066 -12,08654
338,6096 -2,838897
338,6126 -36,92324
338,6156 -61,22853
338,6186 -19,63132
338,6216 -39,03415
338,6246 -74,41225
338,6276 -27,60875
338,6306 -70,66615
338,6336 -22,17823
338,6366 -35,20552
338,6396 -25,7764
338,6426 -66,12558
338,6457 -6,456883
338,6487 -55,05304
338,6516 -32,37847
338,6547 -19,90779
338,6577 -19,88699
338,6607 -53,12239
338,6637 1,314656
338,6667 -15,78975
338,6697 -5,376791
338,6727 -47,95487
338,6757 -25,98001
338,6787 0,906755
338,6817 -48,95842
338,6847 14,31234
338,6877 -20,23642
338,6907 -19,96078
338,6937 -17,20433
338,6967 -26,61909
338,6997 -59,57611
338,7027 -62,08229
338,7057 -19,92647
338,7087 -50,32613
338,7117 -46,43895
338,7147 10,52476
338,7177 -26,87773
338,7207 -19,00244
338,7237 -78,85539
338,7267 -28,25865
338,7297 3,09233
338,7327 -38,82123
338,7357 -44,36326
338,7387 -21,0634
338,7417 -3,448593
338,7448 15,11835
338,7477 -11,60441
338,7508 12,24614
338,7538 -43,34959
338,7567 -12,57667
338,7598 8,702083
338,7628 -23,59407
338,7658 -8,139437
338,7688 -13,10065
338,7718 -33,24969
338,7748 -5,22877
338,7778 -2,417337
338,7808 -41,06525
338,7838 20,80324
338,7868 0,8863633
338,7898 17,3943
338,7928 -13,07149
338,7958 -33,90259
338,7988 -10,50705
338,8018 6,799966
338,8048 16,49351
338,8078 -21,19108
338,8108 -36,73228
338,8138 -10,96741
338,8168 -18,87804
338,8198 -29,41037
338,8228 -16,05173
338,8258 -13,35917
338,8288 -0,6624001
338,8318 14,51137
338,8348 18,34993
338,8378 13,66262
338,8409 24,05503
338,8438 15,10537
338,8468 12,35981
338,8499 9,064956
338,8528 -6,64985
338,8559 11,90208
338,8589 14,14039
338,8618 -6,373936
338,8649 25,26318
338,8679 -4,169684
338,8709 5,837187
338,8739 -2,985057
338,8769 1,215101
338,8799 1,236902
338,8829 -1,46432
338,8859 -9,455873
338,8889 5,033794
338,8919 4,079413
338,8949 -0,1812602
338,8979 3,058986
338,9009 16,18109
338,9039 -23,13958
338,9069 9,421801
338,9099 -26,09632
338,9129 -4,010019
338,9159 21,92738
338,9189 9,111394
338,9219 8,708662
338,9249 3,869454
338,9279 17,23547
338,9309 -1,883778
338,9339 15,73496
338,937 17,34051
338,9399 27,04428
338,9429 -14,18405
338,946 22,89317
338,9489 33,2429
338,952 -17,04691
338,955 25,79418
338,9579 5,614958
338,961 -32,32034
338,964 23,49829
338,967 30,37047
338,97 6,303167
338,973 17,56859
338,976 33,33854
338,979 15,30873
338,982 25,98761
338,985 17,59015
338,988 41,71398
338,991 -1,104997
338,994 4,650003
338,997 6,994243
339 0
