25 0
25,55055 6,567751
26,1011 -10,87902
26,65165 40,28082
27,2022 68,92605
27,75275 106,9468
28,3033 143,9361
28,85385 178,2303
29,4044 229,104
29,95495 278,2042
30,5055 332,7251
31,05606 379,5612
31,60661 489,2024
32,15716 579,3477
32,70771 638,2404
33,25826 727,0436
33,80881 786,0938
34,35936 895,1143
34,90991 947,781
35,46046 1018,19
36,01101 1123,834
36,56156 1173,486
37,11211 1271,421
37,66266 1357,902
38,21321 1422,621
38,76376 1481,942
39,31432 1580,221
39,86486 1669,982
40,41542 1746,116
40,96597 1825,963
41,51652 1905,1
42,06707 1979,975
42,61762 2041,99
43,16817 2124,79
43,71872 2196,099
44,26927 2285,485
44,81982 2345,13
45,37037 2420,167
45,92092 2506,661
46,47147 2562,022
47,02202 2646,917
47,57257 2719,744
48,12312 2760,974
48,67368 2875,527
49,22422 2928,743
49,77478 2985,051
50,32533 3068,525
50,87588 3091,908
51,42643 3203,948
51,97698 3271,567
52,52753 3356,885
53,07808 3405,495
53,62863 3473,565
54,17918 3536,854
54,72973 3610,581
55,28028 3653,931
55,83083 3721,795
56,38138 3794,231
56,93193 3836,298
57,48248 3901,653
58,03303 3958,903
58,58358 4042,408
59,13413 4128,268
59,68468 4144,495
60,23524 4228,292
60,78579 4285,878
61,33634 4322,125
61,88689 4375,107
62,43744 4472,586
62,98799 4514,669
63,53854 4565,606
64,08909 4631,65
64,63964 4676,903
65,19019 4748,428
65,74074 4776,299
66,29129 4800,732
66,84184 4862,515
67,3924 4936,882
67,94294 4951,604
68,49349 5028,925
69,04404 5014,272
69,5946 5107,804
70,14514 5144,864
70,69569 5163,131
71,24625 5220,652
71,7968 5299,405
72,34735 5316,202
72,8979 5361,875
73,44845 5403,463
73,999 5461,562
74,54955 5482,964
75,1001 5541,611
75,65065 5551,275
76,2012 5581,063
76,75175 5622,701
77,3023 5658,932
77,85285 5682,379
78,4034 5746,646
78,95396 5748,471
79,5045 5763,859
80,05505 5804,236
80,60561 5855,376
81,15616 5855,325
81,7067 5878,283
82,25726 5900,996
82,80781 5920,314
83,35836 5948,866
83,90891 5988,72
84,45946 5992,988
85,01001 6042,173
85,56056 6057,118
86,11111 6039,496
86,66166 6082,498
87,21221 6133,151
87,76276 6104,332
88,31332 6120,224
88,86386 6149,722
89,41441 6168,495
89,96497 6157,806
90,51552 6185,287
91,06606 6194,585
91,61662 6227,195
92,16717 6221,406
92,71772 6233,215
93,26826 6210,985
93,81882 6185,96
94,36937 6192,897
94,91992 6232,694
95,47047 6257,864
96,02102 6274,13
96,57157 6254,888
97,12212 6283,556
97,67268 6252,191
98,22322 6255,766
98,77377 6266,65
99,32433 6244,732
99,87488 6256,57
100,4254 6255,867
100,976 6259,273
101,5265 6262,068
102,0771 6271,014
102,6276 6252,962
103,1782 6222,985
103,7287 6247,945
104,2793 6216,712
104,8298 6217,295
105,3804 6198,59
105,9309 6226,179
106,4815 6191,147
107,032 6211,298
107,5826 6188,003
108,1331 6187,96
108,6837 6186,508
109,2342 6170,13
109,7848 6157,992
110,3353 6154,828
110,8859 6137,754
111,4364 6105,934
111,987 6125,291
112,5375 6075,667
113,0881 6081,997
113,6386 6045,11
114,1892 6033,41
114,7397 6029,957
115,2903 6003,047
115,8408 5992,621
116,3914 5981,99
116,9419 5965,821
117,4925 5929,414
118,043 5912,147
118,5936 5901,835
119,1441 5877,083
119,6947 5845,637
120,2452 5846,827
120,7958 5820,151
121,3463 5799,042
121,8969 5790,015
122,4474 5765,958
122,998 5736,572
123,5485 5718,009
124,0991 5705,96
124,6497 5648,925
125,2002 5619,082
125,7507 5628,666
126,3013 5631,033
126,8519 5580,178
127,4024 5560,802
127,9529 5554,978
128,5035 5518,881
129,054 5483,756
129,6046 5470,797
130,1552 5440,314
130,7057 5413,44
131,2563 5387,326
131,8068 5372,913
132,3574 5359,44
132,9079 5303,016
133,4585 5293,729
134,009 5274,366
134,5596 5235,437
135,1101 5206,907
135,6607 5203,715
136,2112 5165,112
136,7618 5149,708
137,3123 5112,475
137,8629 5113,695
138,4134 5068,02
138,964 5015,807
139,5145 5025,49
140,0651 4980,339
140,6156 4958,943
141,1662 4933,717
141,7167 4892,641
142,2673 4874,6
142,8178 4843,7
143,3684 4810,862
143,9189 4791,193
144,4695 4753,863
145,02 4749,539
145,5706 4734,585
146,1211 4684,815
146,6717 4666,699
147,2222 4657,877
147,7728 4636,521
148,3233 4598,383
148,8739 4565,155
149,4244 4540,47
149,975 4454,631
150,5255 4456,216
151,0761 4467,134
151,6266 4440,942
152,1772 4419,825
152,7277 4387,174
153,2783 4356,624
153,8288 4346,071
154,3794 4304,177
154,9299 4293,116
155,4805 4255,197
156,031 4221,807
156,5816 4224,082
157,1321 4195,085
157,6827 4152,27
158,2332 4151,625
158,7838 4086,189
159,3343 4085,935
159,8849 4066,396
160,4354 4025,721
160,986 4026,835
161,5365 3990,792
162,0871 3981,156
162,6376 3935,478
163,1882 3931,755
163,7387 3911,714
164,2893 3870,02
164,8398 3828,952
165,3904 3803,736
165,9409 3805,112
166,4915 3780,781
167,042 3771,851
167,5926 3746,668
168,1431 3715,314
168,6937 3691,061
169,2442 3683,563
169,7948 3683,081
170,3454 3655,353
170,8959 3640,844
171,4464 3599,987
171,997 3584,478
172,5475 3553,895
173,0981 3542,754
173,6487 3523,656
174,1992 3490,595
174,7498 3461,356
175,3003 3442,93
175,8508 3439,381
176,4014 3418,764
176,952 3388,708
177,5025 3389,71
178,0531 3352,551
178,6036 3321,682
179,1542 3319,406
179,7047 3302,539
180,2552 3284,881
180,8058 3241,868
181,3564 3226,979
181,9069 3208,522
182,4575 3190,277
183,008 3163,865
183,5586 3147,733
184,1091 3131,212
184,6597 3102,938
185,2102 3086,118
185,7608 3076,399
186,3113 3032,628
186,8619 3037,674
187,4124 3012,082
187,963 2983,323
188,5135 2977,761
189,0641 2962,037
189,6146 2949,845
190,1652 2930,732
190,7157 2896,366
191,2663 2893,126
191,8168 2867,622
192,3674 2856,71
192,9179 2854,941
193,4685 2833,854
194,019 2800,924
194,5696 2802,51
195,1201 2771,188
195,6707 2747,371
196,2212 2735,015
196,7718 2719,494
197,3223 2700,024
197,8729 2685,543
198,4234 2664,385
198,974 2656,263
199,5245 2637,621
200,0751 2629,466
200,6256 2594,221
201,1762 2593,716
201,7267 2563,354
202,2773 2555,996
202,8278 2552,338
203,3784 2513,049
203,9289 2519,854
204,4795 2500,351
205,03 2481,657
205,5806 2465,803
206,1311 2449,509
206,6817 2422,658
207,2322 2412,67
207,7828 2407,115
208,3333 2377,047
208,8839 2370,889
209,4344 2361,271
209,985 2355,153
210,5355 2331,915
211,0861 2318,173
211,6366 2297,358
212,1872 2285,282
212,7377 2274,083
213,2883 2263,934
213,8388 2234,001
214,3894 2224,833
214,9399 2207,354
215,4905 2192,103
216,041 2192,893
216,5916 2179,071
217,1421 2159,949
217,6927 2151,956
218,2432 2125,476
218,7938 2119,703
219,3443 2107,293
219,8949 2090,131
220,4454 2076,141
220,996 2059,285
221,5465 2046,018
222,0971 2039,198
222,6476 2014,369
223,1982 2008,47
223,7487 1996,348
224,2993 1978,697
224,8499 1969,755
225,4004 1958,776
225,951 1931,753
226,5015 1923,815
227,052 1902,57
227,6026 1900,616
228,1532 1882,147
228,7037 1874,544
229,2543 1854,703
229,8048 1825,272
230,3554 1814,781
230,9059 1817,018
231,4565 1785,915
232,007 1776,563
232,5576 1750,372
233,1081 1734,093
233,6587 1712,61
234,2092 1705,024
234,7598 1693,218
235,3103 1665,431
235,8609 1650,399
236,4114 1644,861
236,962 1623,245
237,5125 1608,743
238,0631 1579,693
238,6136 1561,068
239,1642 1549,1
239,7147 1515,548
240,2653 1508,877
240,8158 1483,794
241,3664 1464,754
241,9169 1442,814
242,4675 1443,754
243,018 1416,261
243,5686 1405,538
244,1191 1383,64
244,6697 1356,018
245,2202 1338,179
245,7708 1328,93
246,3213 1305,943
246,8719 1293,903
247,4224 1275,283
247,973 1251,372
248,5235 1248,835
249,0741 1216,848
249,6246 1197,675
250,1752 1174,223
250,7257 1161,378
251,2763 1136,46
251,8268 1115,648
252,3774 1105,768
252,9279 1071,383
253,4785 1061,66
254,029 1037,989
254,5796 1019,019
255,1301 997,8649
255,6807 992,3054
256,2312 968,2676
256,7818 934,3268
257,3323 925,0648
257,8829 908,4896
258,4334 878,7177
258,984 865,7189
259,5345 859,7982
260,0851 835,1243
260,6357 829,3289
261,1862 800,9907
261,7367 779,0864
262,2873 768,2498
262,8378 733,7657
263,3884 730,9389
263,9389 715,8833
264,4895 669,5367
265,04 674,4388
265,5906 645,6792
266,1411 617,2384
266,6917 622,007
267,2422 584,8412
267,7928 565,1746
268,3434 546,0415
268,8939 545,5042
269,4445 508,284
269,995 497,7979
270,5455 483,3756
271,0961 453,4753
271,6466 450,1477
272,1972 427,3117
272,7477 385,0492
273,2983 374,1764
273,8488 357,8814
274,3994 343,7785
274,95 331,1931
275,5005 311,7232
276,0511 293,0536
276,6016 265,8535
277,1522 240,0046
277,7027 226,7312
278,2533 211,3208
278,8038 186,7665
279,3543 156,9579
279,9049 148,3952
280,4554 102,4571
281,006 102,3439
281,5565 93,50997
282,1071 51,63064
282,6577 33,73468
283,2082 16,20886
283,7588 1,854259
284,3093 -23,35665
284,8599 -80,81158
285,4104 -57,42845
285,961 -69,72749
286,5115 -98,66459
287,0621 -117,9871
287,6126 -139,1926
288,1632 -173,8406
288,7137 -188,2977
289,2643 -198,231
289,8148 -221,6297
290,3654 -242,6237
290,9159 -248,1629
291,4665 -305,9425
292,017 -301,1476
292,5676 -320,5231
293,1181 -350,8166
293,6687 -375,1425
294,2192 -397,167
294,7698 -415,9372
295,3203 -448,3336
295,8709 -477,9556
296,4214 -490,1741
296,972 -506,0161
297,5225 -535,8671
298,0731 -562,7408
298,6236 -596,5497
299,1742 -624,1089
299,7247 -648,7347
300,2753 -676,0633
300,8258 -695,8422
301,3764 -699,6712
301,9269 -730,3746
302,4775 -759,1609
303,028 -797,9438
303,5786 -800,6401
304,1291 -834,0947
304,6797 -863,7362
305,2302 -900,3059
305,7808 -917,2191
306,3313 -964,7626
306,8819 -977,817
307,4324 -1004,951
307,983 -1040,23
308,5335 -1071,204
309,0841 -1094,586
309,6346 -1133,741
310,1852 -1151,135
310,7357 -1189,238
311,2863 -1215,734
311,8368 -1249,906
312,3874 -1288,546
312,9379 -1318,458
313,4885 -1352,523
314,039 -1387,133
314,5896 -1414,087
315,1401 -1459,84
315,6907 -1501,791
316,2412 -1536,895
316,7918 -1567,275
317,3423 -1614,56
317,8929 -1642,567
318,4435 -1692,162
318,994 -1720,66
319,5446 -1776,871
320,0951 -1807,007
320,6457 -1858,038
321,1962 -1897,408
321,7467 -1928,204
322,2973 -1971,391
322,8478 -2025,052
323,3984 -2081,945
323,9489 -2137,823
324,4995 -2178,027
325,05 -2253,384
325,6006 -2277,124
326,1512 -2331,583
326,7017 -2394,768
327,2523 -2437,607
327,8028 -2486,941
328,3534 -2544,23
328,9039 -2597,844
329,4545 -2647,016
330,005 -2722,664
330,5555 -2760,307
331,1061 -2808,735
331,6566 -2876,489
332,2072 -2946,734
332,7578 -2992,502
333,3083 -3065,373
333,8589 -3100,274
334,4094 -3172,587
334,96 -3226,413
335,5105 -3299,851
336,0611 -3350,786
336,6116 -3404,411
337,1622 -3465
337,7127 -3532,661
338,2633 -3594,909
338,8138 -3642,536
339,3643 -3715,939
339,9149 -3787,28
340,4655 -3852,73
341,016 -3912,205
341,5666 -3967,395
342,1171 -4031,465
342,6677 -4091,397
343,2182 -4158,673
343,7688 -4214,043
344,3193 -4270,533
344,8699 -4352,395
345,4204 -4395,099
345,971 -4472,015
346,5215 -4534,295
347,0721 -4597,429
347,6226 -4674,749
348,1732 -4723,368
348,7237 -4796,494
349,2743 -4882,684
349,8248 -4929,363
350,3754 -5010,663
350,9259 -5069,002
351,4765 -5153,645
352,027 -5186,072
352,5776 -5271,088
353,1281 -5354,984
353,6787 -5387,362
354,2292 -5458,966
354,7798 -5534,001
355,3303 -5583,54
355,8809 -5680,31
356,4314 -5726,43
356,982 -5810,971
357,5325 -5878,347
358,0831 -5925,406
358,6336 -5997,768
359,1842 -6075,161
359,7347 -6163,217
360,2853 -6219,12
360,8358 -6304,652
361,3864 -6364,414
361,937 -6406,937
362,4875 -6499,384
363,038 -6589,509
363,5886 -6623,879
364,1391 -6693,898
364,6897 -6770,858
365,2402 -6836,938
365,7908 -6900,519
366,3413 -6988,673
366,8919 -7051,074
367,4424 -7123,673
367,993 -7192,675
368,5435 -7240,833
369,0941 -7310,379
369,6447 -7404,938
370,1952 -7482,108
370,7458 -7580,883
371,2963 -7624,204
371,8468 -7682,948
372,3974 -7762,143
372,9479 -7839,461
373,4985 -7884,659
374,049 -7988,269
374,5996 -8047,776
375,1501 -8127,099
375,7007 -8175,875
376,2513 -8271,328
376,8018 -8338,53
377,3524 -8436,566
377,9029 -8488,516
378,4535 -8561,235
379,004 -8654,391
379,5546 -8723,564
380,1051 -8791,903
380,6557 -8853,849
381,2062 -8969,435
381,7567 -9024,458
382,3073 -9100,424
382,8578 -9183,527
383,4084 -9256,028
383,959 -9331,83
384,5095 -9417,633
385,0601 -9500,64
385,6106 -9574,808
386,1612 -9633,95
386,7117 -9740,415
387,2623 -9822,359
387,8128 -9885,926
388,3634 -9972,603
388,9139 -10069,13
389,4645 -10134,15
390,015 -10249,31
390,5656 -10322,31
391,1161 -10405,61
391,6667 -10475,8
392,2172 -10568,9
392,7678 -10639,67
393,3183 -10748,65
393,8689 -10831,58
394,4194 -10896,11
394,97 -10994,84
395,5205 -11105,08
396,0711 -11190,08
396,6216 -11271,16
397,1722 -11362,85
397,7227 -11439,71
398,2733 -11543,39
398,8238 -11647,79
399,3744 -11734,73
399,9249 -11819,32
400,4755 -11914,44
401,026 -12004,65
401,5766 -12073,9
402,1271 -12185,54
402,6777 -12288,2
403,2282 -12350,29
403,7788 -12436,33
404,3293 -12572,65
404,8799 -12659,24
405,4304 -12738,66
405,981 -12859,4
406,5315 -12923,6
407,0821 -13020,26
407,6326 -13128,46
408,1832 -13223,23
408,7337 -13309,79
409,2843 -13410,41
409,8348 -13497,23
410,3854 -13568,31
410,9359 -13661,16
411,4865 -13759,24
412,037 -13841,13
412,5876 -13991,44
413,1382 -14033,39
413,6887 -14110,82
414,2392 -14257,92
414,7898 -14343,99
415,3403 -14378,92
415,8909 -14546,9
416,4414 -14644,17
416,992 -14683,27
417,5425 -14744,94
418,0931 -14855,02
418,6436 -14966,6
419,1942 -15081,33
419,7448 -15211,59
420,2953 -15289,97
420,8459 -15351,27
421,3964 -15453,51
421,947 -15550,89
422,4975 -15664,19
423,048 -15683,28
423,5986 -15755,34
424,1491 -15892,83
424,6997 -15997,25
425,2502 -16047,34
425,8008 -16187,05
426,3513 -16277,58
426,9019 -16319,04
427,4525 -16465,45
428,003 -16527,04
428,5536 -16565,97
429,1041 -16688,29
429,6547 -16823,16
430,2052 -16821,65
430,7558 -16941,51
431,3063 -17039,9
431,8568 -17091,54
432,4074 -17181,79
432,9579 -17267,54
433,5085 -17309,93
434,0591 -17397,27
434,6096 -17430,65
435,1602 -17568,45
435,7107 -17658,06
436,2613 -17705,79
436,8118 -17768,11
437,3624 -17871,71
437,9129 -17923,23
438,4635 -18001,15
439,014 -18121,84
439,5646 -18138,09
440,1151 -18227,43
440,6657 -18293,1
441,2162 -18204,94
441,7668 -18356,4
442,3173 -18294,48
442,8679 -18477,35
443,4184 -18509,61
443,969 -18592,81
444,5195 -18482,05
445,0701 -18464,22
445,6206 -18728,65
446,1712 -18724,57
446,7217 -18821,69
447,2723 -18862,4
447,8228 -18888,48
448,3734 -18874,65
448,9239 -19000,58
449,4745 -18943,74
450,025 -18997,45
450,5756 -19032,07
451,1261 -19133,79
451,6767 -19101,89
452,2272 -19137,95
452,7778 -19164,06
453,3283 -19200,74
453,8789 -19230,94
454,4294 -19296,89
454,98 -19279,43
455,5305 -19291,41
456,0811 -19163,45
456,6316 -19337,57
457,1822 -19187,9
457,7327 -19233,28
458,2833 -19223,92
458,8338 -19203,91
459,3844 -19338,51
459,9349 -19317,27
460,4855 -19374,52
461,036 -19379,51
461,5866 -19333,3
462,1371 -19305,03
462,6877 -19399,64
463,2383 -19284,23
463,7888 -19369,88
464,3393 -19376,93
464,8899 -19295,13
465,4404 -19167,08
465,991 -19320,59
466,5415 -19220,12
467,0921 -19232,38
467,6426 -19292,74
468,1932 -19184,56
468,7437 -19122,66
469,2943 -19186,3
469,8448 -19139,22
470,3954 -19067,53
470,946 -19040,15
471,4965 -19042,39
472,0471 -18903,16
472,5976 -18961,29
473,1482 -18954,63
473,6987 -18809,07
474,2492 -18863,88
474,7998 -18788,76
475,3503 -18693,28
475,9009 -18648,05
476,4514 -18670,67
477,002 -18562,05
477,5526 -18494,58
478,1031 -18457,57
478,6537 -18425,65
479,2042 -18317,61
479,7548 -18114,38
480,3053 -18241,85
480,8559 -18151,78
481,4064 -18066,59
481,957 -18028,24
482,5075 -17896,69
483,058 -17727,14
483,6086 -17809,53
484,1591 -17651,48
484,7097 -17589,35
485,2603 -17594,36
485,8108 -17448
486,3614 -17404,15
486,9119 -17327,78
487,4625 -17181,55
488,013 -17055,29
488,5636 -17050,55
489,1141 -16773,57
489,6647 -16874,34
490,2152 -16769,11
490,7658 -16624,02
491,3163 -16562,02
491,8669 -16465,11
492,4174 -16356,5
492,968 -16243,9
493,5185 -16171,59
494,0691 -15950,03
494,6196 -15951,04
495,1702 -15858,77
495,7207 -15735,66
496,2713 -15619,95
496,8218 -15509,16
497,3724 -15352,54
497,9229 -15275,05
498,4735 -15154,88
499,024 -15040,36
499,5746 -14960,29
500,1251 -14850,53
500,6757 -14589,62
501,2262 -14581,25
501,7768 -14492,91
502,3273 -14324,86
502,8779 -14231,98
503,4284 -14093,69
503,979 -13942,89
504,5295 -13900,15
505,0801 -13736,63
505,6306 -13603,19
506,1812 -13499,79
506,7317 -13357,22
507,2823 -13165,31
507,8328 -13106,18
508,3834 -12982,47
508,9339 -12861,14
509,4845 -12683,82
510,035 -12557,51
510,5856 -12478,18
511,1361 -12310,75
511,6867 -12234,11
512,2372 -12051,79
512,7878 -11807,59
513,3383 -11670,88
513,8889 -11683,35
514,4395 -11541,35
514,99 -11421,08
515,5405 -11296,03
516,0911 -11123,14
516,6417 -10919,43
517,1922 -10805,67
517,7427 -10796,47
518,2933 -10634,45
518,8439 -10523,47
519,3944 -10367,91
519,9449 -10150,7
520,4955 -10164,05
521,046 -9933,97
521,5966 -9825,522
522,1472 -9718,136
522,6977 -9544,155
523,2482 -9412,902
523,7988 -9362,651
524,3494 -9249,643
524,8999 -9057,492
525,4504 -8950,791
526,001 -8783,091
526,5516 -8615,94
527,1021 -8515,138
527,6526 -8422,147
528,2032 -8244,825
528,7538 -8133,048
529,3043 -8037,917
529,8549 -7955,177
530,4054 -7775,184
530,9559 -7644,691
531,5065 -7541,527
532,0571 -7395,148
532,6076 -7226,347
533,1581 -7171,975
533,7087 -7002,939
534,2593 -6824,816
534,8098 -6826,284
535,3604 -6684,208
535,9109 -6490,201
536,4615 -6430,858
537,012 -6369,603
537,5626 -6188,872
538,1131 -6038,804
538,6636 -5935,729
539,2142 -5825,54
539,7648 -5716,769
540,3153 -5601,438
540,8658 -5499,615
541,4164 -5391,191
541,967 -5225,507
542,5175 -5175,138
543,0681 -5049,036
543,6186 -4944,376
544,1692 -4810,551
544,7197 -4723,444
545,2703 -4554,278
545,8208 -4520,605
546,3714 -4411,701
546,9219 -4309,317
547,4725 -4013,651
548,023 -4122,743
548,5735 -3948,91
549,1241 -3856,393
549,6747 -3787,163
550,2252 -3667,943
550,7758 -3585,546
551,3264 -3456,466
551,8769 -3325,711
552,4274 -3246,542
552,978 -3177,934
553,5285 -3071,129
554,0791 -2987,562
554,6296 -2823,394
555,1802 -2772,541
555,7307 -2689,281
556,2813 -2524,494
556,8318 -2521,911
557,3824 -2456,182
557,9329 -2298,53
558,4835 -2238,6
559,0341 -2170,797
559,5846 -2055,496
560,1351 -1990,715
560,6857 -1898,83
561,2362 -1762,239
561,7868 -1741,379
562,3373 -1656,513
562,8879 -1561,293
563,4384 -1519,202
563,989 -1393,098
564,5396 -1323,784
565,0901 -1264,538
565,6406 -1170,787
566,1912 -1089,669
566,7418 -1040,949
567,2923 -939,0114
567,8428 -872,4109
568,3934 -854,4941
568,944 -721,9377
569,4945 -658,5088
570,045 -575,4188
570,5956 -474,3333
571,1461 -435,2867
571,6967 -380,3783
572,2473 -307,4656
572,7978 -231,5993
573,3483 -132,1558
573,8989 -67,00721
574,4495 -35,61272
575 -3,364216E-13