311	20,15249634
311,0500488	-2,302385807
311,1000977	0,753621817
311,1501465	-2,77132678
311,2001953	1,734394193
311,2502441	-3,418958902
311,300293	7,009299278
311,3503418	-9,18599987
311,4003906	6,088132381
311,4504395	-13,94896507
311,5004883	-2,841894865
311,5505371	11,96591473
311,6005859	5,057869911
311,6506653	26,18728828
311,7007141	-1,538730264
311,7507629	7,478748322
311,8008118	8,586839676
311,8508606	9,162244797
311,9009094	-12,12715816
311,9509583	9,731830597
312,0010071	-2,914813757
312,0510559	27,65389252
312,1011047	-6,344493866
312,1511536	0,111633688
312,2012024	19,55924034
312,2512512	5,547550201
312,3013	18,86122513
312,3513489	3,307954073
312,4013977	-18,0515728
312,4514465	8,708281517
312,5014954	-13,60862541
312,5515442	12,95518684
312,601593	10,90278244
312,6516418	13,16277313
312,7016907	7,914227486
312,7517395	15,52677631
312,8017883	10,83804417
312,8518372	9,180218697
312,9019165	20,41932869
312,9519653	25,44151878
313,0020142	15,97757626
313,052063	25,84714317
313,1021118	11,02701664
313,1521606	16,9449749
313,2022095	19,06985474
313,2522583	7,226448059
313,3023071	17,18300056
313,352356	10,77011108
313,4024048	20,06290245
313,4524536	49,69317245
313,5025024	39,13333511
313,5525513	4,926298141
313,6026001	24,36590385
313,6526489	14,62672138
313,7026978	9,629803658
313,7527466	27,81054878
313,8027954	17,97961426
313,8528442	19,85010338
313,9028931	17,41387749
313,9529419	19,47399712
314,0029907	21,06138611
314,0530396	10,04609394
314,1030884	4,43569231
314,1531677	20,46408844
314,2032166	6,861382484
314,2532654	-13,88014698
314,3033142	20,1208725
314,353363	23,82964706
314,4034119	16,95467758
314,4534607	10,13417625
314,5035095	30,45001793
314,5535583	5,402546883
314,6036072	22,7893734
314,653656	18,82518196
314,7037048	20,27212715
314,7537537	22,66209793
314,8038025	33,8556633
314,8538513	34,01964188
314,9039001	35,79837036
314,953949	26,14588547
315,0039978	43,04621506
315,0540466	37,78382492
315,1040955	64,13646698
315,1541443	70,01239014
315,2041931	68,05480957
315,2542419	61,91483307
315,3042908	88,18356323
315,3543396	103,9399796
315,4044189	117,5782471
315,4544678	120,8185501
315,5045166	166,7066498
315,5545654	209,1899414
315,6046143	243,5414581
315,6546631	309,8069458
315,7047119	392,9265442
315,7547607	482,0229187
315,8048096	661,434021
315,8548584	936,5428467
315,9049072	1406,988281
315,9549561	2304,991211
316,0050049	4054,838867
316,0550537	5747,189453
316,1051025	2784,827393
316,1551514	-4413,412109
316,2052002	-5738,850098
316,255249	-3533,086426
316,3052979	-1980,487305
316,3553467	-1210,172974
316,4053955	-805,2038574
316,4554443	-603,7745972
316,5054932	-442,2598267
316,555542	-359,0099182
316,6055908	-301,0354614
316,6556702	-242,3852234
316,705719	-238,6016083
316,7557678	-195,5981293
316,8058167	-167,2130432
316,8558655	-160,4138947
316,9059143	-142,5188446
316,9559631	-130,7204437
317,006012	-103,5486145
317,0560608	-112,3044968
317,1061096	-81,85029602
317,1561584	-105,4467621
317,2062073	-81,03701782
317,2562561	-77,82035828
317,3063049	-78,75978851
317,3563538	-86,91653442
317,4064026	-75,90731812
317,4564514	-83,21662903
317,5065002	-51,65752792
317,5565491	-79,72059631
317,6065979	-58,53341293
317,6566467	-62,73361588
317,7066956	-71,41040802
317,7567444	-66,76363373
317,8067932	-71,75754547
317,856842	-59,97039413
317,9069214	-76,75740051
317,9569702	-62,00430679
318,007019	-63,96245193
318,0570679	-58,88887405
318,1071167	-49,73867035
318,1571655	-64,58196259
318,2072144	-64,54396057
318,2572632	-69,87130737
318,307312	-52,1644516
318,3573608	-55,07242203
318,4074097	-56,13986969
318,4574585	-67,30213928
318,5075073	-48,53926086
318,5575562	-62,32830811
318,607605	-39,37148285
318,6576538	-43,96913147
318,7077026	-63,25293732
318,7577515	-58,32853317
318,8078003	-60,65952301
318,8578491	-73,20201874
318,9078979	-72,57090759
318,9579468	-59,72049332
319,0079956	-53,46463776
319,0580444	-51,18085861
319,1080933	-41,25052261
319,1581726	-7,047783852
319,2082214	-6,247016907
319,2582703	6,5336833
319,3083191	-19,79466248
319,3583679	-86,22196198
319,4084167	-90,51894379
319,4584656	-104,8165817
319,5085144	-74,85712433
319,5585632	-91,04270935
319,6086121	-65,48255157
319,6586609	-54,16465378
319,7087097	-57,62705231
319,7587585	-62,89226151
319,8088074	-58,42964554
319,8588562	-69,55431366
319,908905	-48,45250702
319,9589539	-58,02184296
320,0090027	-28,33227921
320,0590515	-57,99842834
320,1091003	-46,52231598
320,1591492	-41,95327377
320,209198	-36,31920242
320,2592468	-48,08543015
320,3092957	-29,59141731
320,3593445	-5,995803833
320,4094238	-29,59834099
320,4594727	-40,83274078
320,5095215	-29,7843132
320,5595703	-10,64652061
320,6096191	-24,31746292
320,659668	-21,78030205
320,7097168	3,913039207
320,7597656	0,113231324
320,8098145	-17,00176811
320,8598633	-4,000648499
320,9099121	0,627391756
320,9599609	12,55167007
321,0100098	19,49045753
321,0600586	34,08372116
321,1101074	78,36213684
321,1601563	22,53276062
321,2102051	-48,89479446
321,2602539	-65,88363647
321,3103027	-69,41030884
321,3603516	-38,30600357
321,4104004	-40,46734619
321,4604492	-35,55858231
321,510498	-22,55879974
321,5605469	-28,78233719
321,6105957	-31,26202965
321,660675	-21,17967606
321,7107239	-26,01979256
321,7607727	-13,59956646
321,8108215	-16,77972031
321,8608704	-8,942412376
321,9109192	-14,85244083
321,960968	4,935894012
322,0110168	-17,14841461
322,0610657	-12,5649786
322,1111145	-18,86244774
322,1611633	-8,566225052
322,2112122	-9,547984123
322,261261	-17,00778389
322,3113098	-11,23816299
322,3613586	-18,19628143
322,4114075	-23,38123322
322,4614563	1,870059609
322,5115051	-14,4799633
322,561554	-17,06037903
322,6116028	-8,840249062
322,6616516	-12,75145912
322,7117004	-10,03150845
322,7617493	-8,928977966
322,8117981	-22,86794853
322,8618469	-10,08298969
322,9119263	-14,11534405
322,9619751	-8,217492104
323,0120239	-4,536099911
323,0620728	24,77919388
323,1121216	15,20524597
323,1621704	5,881635666
323,2122192	18,32295227
323,2622681	20,58126831
323,3123169	20,96315956
323,3623657	33,72957611
323,4124146	55,65436172
323,4624634	43,80993271
323,5125122	57,66520691
323,562561	68,47660828
323,6126099	74,39352417
323,6626587	124,0428925
323,7127075	116,3329468
323,7627563	173,9540253
323,8128052	194,9755249
323,862854	255,9599609
323,9129028	309,5776367
323,9629517	412,5706482
324,0130005	559,1655884
324,0630493	796,2908936
324,1130981	1167,376099
324,1631775	1882,174072
324,2132263	3373,44873
324,2632751	5641,892578
324,313324	4383,29541
324,3633728	-3252,005859
324,4134216	-5834,767578
324,4634705	-3805,601318
324,5135193	-2187,86377
324,5635681	-1341,544556
324,6136169	-883,7803955
324,6636658	-630,9717407
324,7137146	-467,9264221
324,7637634	-378,754425
324,8138123	-305,7775879
324,8638611	-273,8983765
324,9139099	-210,565033
324,9639587	-220,5052032
325,0140076	-187,3789215
325,0640564	-154,5098267
325,1141052	-161,4009399
325,1641541	-129,8987579
325,2142029	-133,1824951
325,2642517	-124,4902344
325,3143005	-128,4473419
325,3643494	-94,17424011
325,4144287	-105,4212189
325,4644775	-91,85700989
325,5145264	-95,81920624
325,5645752	-90,64833069
325,614624	-84,83653259
325,6646729	-69,72331238
325,7147217	-80,14604187
325,7647705	-82,12497711
325,8148193	-68,02484894
325,8648682	-65,93418884
325,914917	-75,40188599
325,9649658	-71,873703
326,0150146	-77,04159546
326,0650635	-83,53430176
326,1151123	-65,32182312
326,1651611	-56,16765594
326,21521	-86,36795044
326,2652588	-64,85728455
326,3153076	-49,83486176
326,3653564	-51,8702507
326,4154053	-75,65293884
326,4654541	-69,52285767
326,5155029	-68,92253876
326,5655518	-69,4654007
326,6156006	-94,23022461
326,6656799	-72,87076569
326,7157288	-75,0109024
326,7657776	-68,65206909
326,8158264	-55,72655106
326,8658752	-67,49707031
326,9159241	-69,24369049
326,9659729	-56,90295029
327,0160217	-71,1592865
327,0660706	-56,7773056
327,1161194	-67,37860107
327,1661682	-53,67738342
327,216217	-49,05707169
327,2662659	-52,97219467
327,3163147	-27,35630608
327,3663635	-51,3698082
327,4164124	-24,6221447
327,4664612	-4,445322037
327,51651	46,31830215
327,5665588	-7,88203907
327,6166077	-88,40387726
327,6666565	-145,7704468
327,7167053	-106,6918793
327,7667542	-119,9112625
327,816803	-94,82408905
327,8668518	-104,6856155
327,9169312	-88,75287628
327,96698	-100,656601
328,0170288	-68,56949615
328,0670776	-53,86314392
328,1171265	-77,97457886
328,1671753	-59,71891022
328,2172241	-58,29522324
328,2672729	-64,75685883
328,3173218	-47,43674088
328,3673706	-47,93105316
328,4174194	-38,891819
328,4674683	-65,53804779
328,5175171	-26,67490768
328,5675659	-50,41739655
328,6176147	-40,539608
328,6676636	-46,38210297
328,7177124	-30,20637321
328,7677612	-23,64296722
328,8178101	-17,93119049
328,8678589	-25,09784317
328,9179077	-20,04812813
328,9679565	-33,94113159
329,0180054	-30,10097885
329,0680542	-12,68527889
329,118103	-22,49835777
329,1681824	-16,25300789
329,2182312	-6,013026237
329,26828	-16,0112648
329,3183289	19,66235161
329,3683777	37,50507355
329,4184265	18,59481239
329,4684753	73,85430145
329,5185242	105,6490097
329,568573	23,97064781
329,6186218	-47,27818298
329,6686707	-58,13594818
329,7187195	-62,57980347
329,7687683	-66,33559418
329,8188171	-51,87396622
329,868866	-26,39367485
329,9189148	-47,41053772
329,9689636	-43,19623566
330,0190125	-37,1536026
330,0690613	-30,09207344
330,1191101	-22,07836342
330,1691589	-29,0208683
330,2192078	-19,78949738
330,2692566	-42,88529205
330,3193054	-24,67733574
330,3693542	-12,20755196
330,4194336	-5,015632629
330,4694824	-27,99533272
330,5195313	-12,0365572
330,5695801	-6,689821243
330,6196289	-25,7986145
330,6696777	-29,56518173
330,7197266	-21,159338
330,7697754	-19,20912933
330,8198242	-19,33891106
330,869873	-17,21582794
330,9199219	-15,97205448
330,9699707	-13,37722588
331,0200195	-16,71038818
331,0700684	-15,03549671
331,1201172	-26,11584473
331,170166	-20,13881111
331,2202148	-9,629067421
331,2702637	9,666902542
331,3203125	-14,02269173
331,3703613	-18,70464325
331,4204102	-5,212537289
331,470459	-23,38856888
331,5205078	-0,67055434
331,5705566	-4,431602001
331,6206055	6,76884222
331,6706848	16,6509552
331,7207336	8,223548889
331,7707825	10,40332603
331,8208313	18,96728516
331,8708801	33,80757904
331,920929	47,14259338
331,9709778	35,29431915
332,0210266	64,9020462
332,0710754	78,75270844
332,1211243	103,9921799
332,1711731	112,4801407
332,2212219	167,7097778
332,2712708	192,8499451
332,3213196	265,4182129
332,3713684	326,1265869
332,4214172	428,3535461
332,4714661	598,1015625
332,5215149	819,7750854
332,5715637	1257,782837
332,6216125	2096,461914
332,6716614	3865,149658
332,7217102	6159,398926
332,771759	2611,703369
332,8218079	-4788,09668
332,8718567	-5119,189941
332,921936	-3132,233643
332,9719849	-1865,352905
333,0220337	-1192,678101
333,0720825	-834,9669189
333,1221313	-616,4240723
333,1721802	-469,5574036
333,222229	-369,5007324
333,2722778	-314,1748657
333,3223267	-249,7165222
333,3723755	-224,0946045
333,4224243	-204,7225647
333,4724731	-176,669281
333,522522	-184,9709625
333,5725708	-148,4983826
333,6226196	-157,2361298
333,6726685	-113,9300308
333,7227173	-119,8611832
333,7727661	-124,0435867
333,8228149	-110,7311783
333,8728638	-110,1970444
333,9229126	-106,7327271
333,9729614	-106,1554108
334,0230103	-81,03255463
334,0730591	-84,49575043
334,1231079	-102,5593185
334,1731873	-69,04855347
334,2232361	-69,4234314
334,2732849	-81,30086517
334,3233337	-56,87550735
334,3733826	-75,8988266
334,4234314	-67,87030029
334,4734802	-65,0371933
334,5235291	-77,48847961
334,5735779	-75,48018646
334,6236267	-75,43406677
334,6736755	-70,5226059
334,7237244	-66,41187286
334,7737732	-58,4061203
334,823822	-66,50184631
334,8738708	-68,83240509
334,9239197	-67,18782043
334,9739685	-63,45796204
335,0240173	-62,1916008
335,0740662	-70,88275909
335,124115	-73,69861603
335,1741638	-55,60506821
335,2242126	-55,24601364
335,2742615	-70,78923035
335,3243103	-81,29475403
335,3743591	-68,71943665
335,4244385	-64,30483246
335,4744873	-67,71507263
335,5245361	-84,31712341
335,574585	-63,94915009
335,6246338	-58,50772858
335,6746826	-37,65250778
335,7247314	-54,90319061
335,7747803	-47,11766815
335,8248291	-54,68616867
335,8748779	-30,64196396
335,9249268	-16,3581543
335,9749756	16,06733894
336,0250244	29,29854393
336,0750732	-13,26475239
336,1251221	-87,2728653
336,1751709	-116,6721649
336,2252197	-113,7677841
336,2752686	-110,1660004
336,3253174	-87,5455246
336,3753662	-75,93009949
336,425415	-84,11332703
336,4754639	-69,01501465
336,5255127	-63,16016769
336,5755615	-88,89305878
336,6256409	-74,04290771
336,6756897	-45,40271378
336,7257385	-63,40597153
336,7757874	-46,67570877
336,8258362	-59,3874054
336,875885	-59,95497894
336,9259338	-55,85657883
336,9759827	-32,6096611
337,0260315	-41,39368057
337,0760803	-44,63869476
337,1261292	-22,73250961
337,176178	-24,88683319
337,2262268	-7,751700878
337,2762756	-35,81942749
337,3263245	-39,15662766
337,3763733	-19,60221672
337,4264221	-2,01414299
337,4764709	-27,96148682
337,5265198	-4,166027546
337,5765686	2,8174088
337,6266174	0,584852278
337,6766663	-14,14379501
337,7267151	-27,50683022
337,7767639	-6,793339252
337,8268127	-0,369590968
337,8768921	3,850735664
337,9269409	-1,37027657
337,9769897	6,388676167
338,0270386	23,72442436
338,0770874	66,41925812
338,1271362	99,60742188
338,1771851	74,8347702
338,2272339	-12,97597599
338,2772827	-48,87371445
338,3273315	-58,42314529
338,3773804	-49,13572693
338,4274292	-47,5306015
338,477478	-46,93256378
338,5275269	-40,30439377
338,5775757	-40,60015106
338,6276245	-28,38879395
338,6776733	-25,28902054
338,7277222	-21,27401924
338,777771	-15,01194668
338,8278198	1,509874821
338,8778687	-2,434531212
338,9279175	8,71542263
338,9779663	-20,77950287
339,0280151	-35,36500931
339,078064	-48,94522476
339,1281433	-27,14935112
339,1781921	-26,09790611
339,228241	-17,1718998
339,2782898	-26,7003212
339,3283386	-39,64251709
339,3783875	-28,84953117
339,4284363	-29,6235199
339,4784851	-6,589944839
339,5285339	-14,38278198
339,5785828	-17,11047173
339,6286316	-13,96259689
339,6786804	-36,72319412
339,7287292	-27,02001953
339,7787781	-9,833181381
339,8288269	-3,284653902
339,8788757	-4,623545647
339,9289246	-12,35557747
339,9789734	-3,191413403
340,0290222	-6,188543797
340,079071	-14,76665306
340,1291199	-1,588524818
340,1791687	3,878247023
340,2292175	0,710587919
340,2792664	1,034426212
340,3293152	10,36106873
340,3793945	-0,063264526
340,4294434	0,933501899
340,4794922	35,4965477
340,529541	25,01791573
340,5795898	46,61421204
340,6296387	82,2808075
340,6796875	100,7778854
340,7297363	93,20405579
340,7797852	84,6886673
340,829834	92,59848785
340,8798828	130,7539978
340,9299316	174,5009766
340,9799805	223,419693
341,0300293	318,4577942
341,0800781	422,6069641
341,130127	562,4053955
341,1801758	813,2318726
341,2302246	1201,440918
341,2802734	1979,533081
341,3303223	3568,908447
341,3803711	6113,628906
341,4304199	3777,274414
341,4804688	-3504,150879
341,5305176	-4233,501465
341,5805664	-2101,595947
341,6306458	-1360,58374
341,6806946	-1882,961426
341,7307434	-1750,045166
341,7807922	-1314,702515
341,8308411	-914,8070679
341,8808899	-690,2756958
341,9309387	-544,3618164
341,9809875	-426,9341431
342,0310364	-350,3714905
342,0810852	-298,5788879
342,131134	-262,5562744
342,1811829	-238,017395
342,2312317	-202,9816589
342,2812805	-184,2720947
342,3313293	-176,1226501
342,3813782	-141,8503876
342,431427	-123,5235291
342,4814758	-100,9024353
342,5315247	-127,8996887
342,5815735	-138,6872559
342,6316223	-115,8534851
342,6816711	-133,6388702
342,73172	-120,0782242
342,7817688	-106,2885895
342,8318176	-113,9063568
342,881897	-94,33502197
342,9319458	-88,82828522
342,9819946	-90,0382843
343,0320435	-72,18557739
343,0820923	-89,29670715
343,1321411	-87,90167999
343,1821899	-72,12083435
343,2322388	-87,05931854
343,2822876	-74,42150879
343,3323364	-83,90843201
343,3823853	-83,63461304
343,4324341	-77,29612732
343,4824829	-65,09735107
343,5325317	-74,24341583
343,5825806	-74,1596756
343,6326294	-83,95331573
343,6826782	-57,91598892
343,7327271	-68,59540558
343,7827759	-69,48152924
343,8328247	-56,70710754
343,8828735	-66,7594223
343,9329224	-65,10253906
343,9829712	-87,09545898
344,03302	-71,46723938
344,0830688	-78,59657288
344,1331482	-64,20193481
344,183197	-52,33042526
344,2332458	-49,30520248
344,2832947	-30,60351181
344,3333435	-89,83995819
344,3833923	-87,62112427
344,4334412	-99,20474243
344,48349	-75,68681335
344,5335388	-74,64059448
344,5835876	-48,73038101
344,6336365	-17,79477882
344,6836853	-8,982609749
344,7337341	-7,938818455
344,783783	-56,51851654
344,8338318	-113,7411804
344,8838806	-102,8539047
344,9339294	-103,673912
344,9839783	-106,6092529
345,0340271	-91,79806519
345,0840759	-96,29120636
345,1341248	-86,43873596
345,1841736	-88,99597931
345,2342224	-82,90557098
345,2842712	-87,23364258
345,3343201	-85,030159
345,3843994	-68,55470276
345,4344482	-70,6606369
345,4844971	-70,77946472
345,5345459	-64,81658173
345,5845947	-70,85263824
345,6346436	-76,44229126
345,6846924	-53,71276474
345,7347412	-39,26246262
345,78479	-36,65563202
345,8348389	-38,53356934
345,8848877	-53,39481735
345,9349365	-55,22382736
345,9849854	-49,89281082
346,0350342	-48,54546738
346,085083	-22,69180489
346,1351318	-48,34970474
346,1851807	-40,55826569
346,2352295	-31,58494377
346,2852783	-52,81336212
346,3353271	-14,99524593
346,385376	-14,47144699
346,4354248	-1,800459027
346,4854736	8,254384041
346,5355225	-19,94471741
346,5855713	-20,22425842
346,6356506	-25,71196175
346,6856995	-0,404685289
346,7357483	-3,914361715
346,7857971	-2,097349405
346,8358459	11,46999931
346,8858948	31,03803635
346,9359436	53,58529663
346,9859924	63,48493195
347,0360413	40,81213379
347,0860901	-37,90756226
347,1361389	-54,37378693
347,1861877	-72,52630615
347,2362366	-46,13116837
347,2862854	-37,11480331
347,3363342	-47,34806824
347,3863831	-38,14055252
347,4364319	-28,34996223
347,4864807	-42,72352982
347,5365295	-9,748209953
347,5865784	-43,29920959
347,6366272	-31,70684814
347,686676	-5,225277901
347,7367249	-41,56001282
347,7867737	-35,08573532
347,8368225	-34,69202042
347,8869019	-16,62202454
347,9369507	-26,17847824
347,9869995	-14,06726456
348,0370483	-26,5568676
348,0870972	-18,31766319
348,137146	-25,69049835
348,1871948	-31,64913559
348,2372437	-11,7544117
348,2872925	-25,92633629
348,3373413	-7,404977798
348,3873901	-35,07745361
348,437439	-30,81391525
348,4874878	-14,60913086
348,5375366	-5,014783382
348,5875854	-15,74299145
348,6376343	-14,16701221
348,6876831	-16,14622688
348,7377319	-21,16935158
348,7877808	-23,03406715
348,8378296	-15,93488503
348,8878784	-10,77855396
348,9379272	0,807831347
348,9879761	-6,279942513
349,0380249	-12,25713158
349,0880737	3,063157082
349,1381531	-12,48297024
349,1882019	-3,925085545
349,2382507	7,574986458
349,2882996	15,47328663
349,3383484	13,64590359
349,3883972	13,63314629
349,438446	35,13684082
349,4884949	41,85124969
349,5385437	57,12939835
349,5885925	73,70157623
349,6386414	75,08473206
349,6886902	100,7657547
349,738739	132,4972534
349,7887878	158,0223389
349,8388367	188,4127045
349,8888855	251,7568512
349,9389343	326,02771
349,9889832	452,2335815
350,039032	634,2640381
350,0890808	887,2085571
350,1391296	1365,247803
350,1891785	2403,505127
350,2392273	4546,625488
350,2892761	5845,942871
350,339325	6,742654324
350,3894043	-4808,913574
350,4394531	-4016,837891
350,489502	-2510,920898
350,5395508	-1648,463989
350,5895996	-1121,710327
350,6396484	-816,7459106
350,6896973	-606,1775513
350,7397461	-507,28302
350,7897949	-392,6983948
350,8398438	-327,946106
350,8898926	-279,0677795
350,9399414	-240,0267792
350,9899902	-220,7323761
351,0400391	-198,1586151
351,0900879	-186,9311066
351,1401367	-164,2948303
351,1901855	-144,3162079
351,2402344	-121,0859375
351,2902832	-129,8831635
351,340332	-130,0494232
351,3903809	-111,4004669
351,4404297	-99,16959381
351,4904785	-99,25257111
351,5405273	-106,7139359
351,5905762	-97,62590027
351,6406555	-82,96878052
351,6907043	-84,93638611
351,7407532	-105,987236
351,790802	-97,69729614
351,8408508	-79,46490479
351,8908997	-74,54707336
351,9409485	-69,87387085
351,9909973	-88,20894623
352,0410461	-60,83763123
352,091095	-74,31171417
352,1411438	-72,28733826
352,1911926	-56,44092941
352,2412415	-73,53666687
352,2912903	-71,304039
352,3413391	-82,93418884
352,3913879	-67,41255951
352,4414368	-74,65821838
352,4914856	-73,27351379
352,5415344	-64,39502716
352,5915833	-54,95919037
352,6416321	-82,28307343
352,6916809	-64,39603424
352,7417297	-66,74163055
352,7917786	-73,07429504
352,8418274	-71,95731354
352,8919067	-70,2244339
352,9419556	-83,86709595
352,9920044	-62,79714584
353,0420532	-72,60630798
353,0921021	-67,28891754
353,1421509	-77,11817932
353,1921997	-80,28501129
353,2422485	-73,99195099
353,2922974	-62,27693558
353,3423462	-67,66762543
353,392395	-73,57741547
353,4424438	-68,2199173
353,4924927	-74,11358643
353,5425415	-58,75174332
353,5925903	-32,29056168
353,6426392	-32,8958168
353,692688	-76,95458221
353,7427368	-109,1422653
353,7927856	-90,52293396
353,8428345	-94,62078857
353,8928833	-103,4979553
353,9429321	-86,97359467
353,992981	-87,46872711
354,0430298	-77,77835083
354,0930786	-81,10164642
354,143158	-82,14304352
354,1932068	-72,99456787
354,2432556	-75,87354279
354,2933044	-72,54532623
354,3433533	-71,71347046
354,3934021	-85,00595856
354,4434509	-71,32312775
354,4934998	-62,69668579
354,5435486	-65,860466
354,5935974	-51,00325394
354,6436462	-62,46560287
354,6936951	-40,36557007
354,7437439	-51,14506531
354,7937927	-49,93511963
354,8438416	-45,00817108
354,8938904	-50,47039795
354,9439392	-43,93339539
354,993988	-35,04301834
355,0440369	-17,95912743
355,0940857	-12,16514587
355,1441345	-35,48739624
355,1941833	-19,33229828
355,2442322	-18,77783012
355,294281	-26,59862518
355,3443298	-27,61186218
355,3944092	-19,66557503
355,444458	-10,8305788
355,4945068	-12,64811611
355,5445557	-1,022627592
355,5946045	-10,86146259
355,6446533	-34,52332306
355,6947021	-11,82872105
355,744751	-21,10188293
355,7947998	-15,23711681
355,8448486	-6,353105068
355,8948975	-8,761347771
355,9449463	5,496375561
355,9949951	16,19703674
356,0450439	22,84959984
356,0950928	3,389139652
356,1451416	-5,330327511
356,1951904	-32,24264145
356,2452393	-54,80184174
356,2952881	-47,71729279
356,3453369	-30,61733246
356,3953857	-23,42514038
356,4454346	-29,64776802
356,4954834	-28,8001709
356,5455322	-39,22354889
356,5955811	-46,73379517
356,6456604	-40,29273987
356,6957092	-38,88054657
356,7457581	-14,05341625
356,7958069	-35,7231102
356,8458557	-25,82370949
356,8959045	-26,78726768
356,9459534	-25,29298401
356,9960022	-31,34699249
357,046051	-7,161848068
357,0960999	-15,12526989
357,1461487	-8,433028221
357,1961975	-16,89806557
357,2462463	-22,22504997
357,2962952	-18,87742805
357,346344	-18,29782295
357,3963928	-24,12496185
357,4464417	-23,96718407
357,4964905	-27,58652496
357,5465393	-40,87422562
357,5965881	-18,76161575
357,646637	-13,91922474
357,6966858	-23,46547508
357,7467346	-12,58803654
357,7967834	-9,626937866
357,8468323	-21,11077309
357,8969116	-27,12761307
357,9469604	-23,85803604
357,9970093	16,06278038
358,0470581	-25,97451019
358,0971069	-15,87886524
358,1471558	-30,04140663
358,1972046	-3,340502262
358,2472534	-3,982244253
358,2973022	3,979597807
358,3473511	5,118172169
358,3973999	13,18333054
358,4474487	24,27244186
358,4974976	12,45773602
358,5475464	45,73540497
358,5975952	13,22623634
358,647644	28,61453819
358,6976929	51,79624557
358,7477417	77,92940521
358,7977905	79,18730164
358,8478394	123,6615295
358,8978882	150,2331696
358,947937	200,6752014
358,9979858	252,6132355
359,0480347	360,1469116
359,0980835	446,6382751
359,1481628	640,269165
359,1982117	905,1051636
359,2482605	1406,085449
359,2983093	2501,484131
359,3483582	4712,650391
359,398407	5194,54248
359,4484558	-387,6910095
359,4985046	-4217,851074
359,5485535	-3653,89624
359,5986023	-2436,014404
359,6486511	-1618,629517
359,6987	-1142,317871
359,7487488	-836,9904175
359,7987976	-632,2808228
359,8488464	-502,4274597
359,8988953	-417,9531555
359,9489441	-355,0102234
359,9989929	-305,9105835
360,0490417	-272,2307129
360,0990906	-195,6538696
360,1491394	-206,7752686
360,1991882	-199,5915222
360,2492371	-165,731369
360,2992859	-183,6733398
360,3493347	-154,1801453
360,3994141	-149,5747223
360,4494629	-126,8468018
360,4995117	-114,7410355
360,5495605	-112,5267792
360,5996094	-128,9735718
360,6496582	-115,2609177
360,699707	-130,8890076
360,7497559	-113,4546814
360,7998047	-109,8816223
360,8498535	-89,83400726
360,8999023	-103,0160217
360,9499512	-71,69577026
361	-78,96434784
