
335 -7,95558
335,006 -9,808053
335,012 -11,60879
335,018 -13,21622
335,024 -14,50316
335,03 -15,37649
335,036 -15,78927
335,0421 -15,74269
335,048 -15,27938
335,054 -14,47156
335,0601 -13,40823
335,0661 -12,18401
335,0721 -10,88992
335,0781 -9,605131
335,0841 -8,388734
335,0901 -7,272096
335,0961 -6,254428
335,1021 -5,304555
335,1081 -4,370577
335,1141 -3,396086
335,1201 -2,338482
335,1261 -1,183444
335,1321 0,04936031
335,1382 1,310995
335,1441 2,536286
335,1501 3,660491
335,1562 4,634551
335,1622 5,435412
335,1682 6,070078
335,1742 6,573801
335,1802 7,003677
335,1862 7,429297
335,1922 7,922307
335,1982 8,546958
335,2042 9,353405
335,2102 10,37446
335,2162 11,6251
335,2222 13,10311
335,2282 14,7894
335,2342 16,64831
335,2402 18,62928
335,2462 20,67222
335,2523 22,71699
335,2583 24,71515
335,2643 26,63974
335,2703 28,48933
335,2763 30,28443
335,2823 32,05818
335,2883 33,84552
335,2943 35,67484
335,3003 37,56399
335,3063 39,51939
335,3123 41,53564
335,3183 43,59361
335,3243 45,65767
335,3303 47,67501
335,3363 49,58089
335,3423 51,31179
335,3484 52,82478
335,3543 54,11809
335,3604 55,24535
335,3664 56,31681
335,3724 57,48442
335,3784 58,91302
335,3844 60,74481
335,3904 63,06726
335,3964 65,89381
335,4024 69,16225
335,4084 72,75005
335,4144 76,50086
335,4204 80,25439
335,4264 83,8725
335,4324 87,25716
335,4384 90,35878
335,4445 93,1748
335,4504 95,73999
335,4565 98,11053
335,4625 100,3453
335,4685 102,4891
335,4745 104,5636
335,4805 106,5673
335,4865 108,4853
335,4925 110,3041
335,4985 112,0247
335,5045 113,6685
335,5105 115,2756
335,5165 116,8979
335,5225 118,5905
335,5285 120,4073
335,5345 122,3993
335,5405 124,6159
335,5465 127,1025
335,5526 129,8948
335,5586 133,0077
335,5646 136,425
335,5706 140,093
335,5766 143,9231
335,5826 147,8031
335,5886 151,6149
335,5946 155,2529
335,6006 158,6396
335,6066 161,7337
335,6126 164,5321
335,6186 167,0675
335,6246 169,404
335,6306 171,6311
335,6366 173,8564
335,6426 176,1957
335,6487 178,7585
335,6547 181,6325
335,6607 184,8688
335,6667 188,4743
335,6727 192,4119
335,6787 196,61
335,6847 200,9772
335,6907 205,4184
335,6967 209,8481
335,7027 214,1976
335,7087 218,4179
335,7147 222,4776
335,7207 226,3592
335,7267 230,0558
335,7327 233,5688
335,7387 236,909
335,7448 240,0988
335,7508 243,1759
335,7567 246,194
335,7628 249,2193
335,7688 252,3215
335,7748 255,5621
335,7808 258,9837
335,7868 262,6039
335,7928 266,4182
335,7988 270,4099
335,8048 274,5633
335,8108 278,8734
335,8168 283,3479
335,8228 287,9972
335,8288 292,8181
335,8348 297,7773
335,8409 302,8033
335,8468 307,7949
335,8528 312,644
335,8589 317,2674
335,8649 321,6355
335,8709 325,7884
335,8769 329,8321
335,8829 333,9179
335,8889 338,2111
335,8949 342,8579
335,9009 347,9594
335,9069 353,5559
335,9129 359,6223
335,9189 366,0742
335,9249 372,7809
335,9309 379,5856
335,937 386,3285
335,9429 392,87
335,9489 399,11
335,955 404,9994
335,961 410,5425
335,967 415,7905
335,973 420,8309
335,979 425,7751
335,985 430,7469
335,991 435,8718
335,997 441,2654
336,003 447,0191
336,009 453,1859
336,015 459,7693
336,021 466,7218
336,027 473,9551
336,033 481,3625
336,039 488,8448
336,045 496,3345
336,0511 503,8069
336,0571 511,2778
336,063 518,7882
336,0691 526,3827
336,0751 534,09
336,0811 541,9111
336,0871 549,8183
336,0931 557,7652
336,0991 565,7022
336,1051 573,5942
336,1111 581,4344
336,1171 589,2505
336,1231 597,1022
336,1291 605,0715
336,1351 613,2477
336,1411 621,7126
336,1472 630,5282
336,1532 639,7296
336,1591 649,322
336,1652 659,2814
336,1712 669,5574
336,1772 680,0777
336,1832 690,756
336,1892 701,5031
336,1952 712,2413
336,2012 722,9192
336,2072 733,5203
336,2132 744,0647
336,2192 754,5993
336,2252 765,1815
336,2312 775,8599
336,2372 786,6602
336,2433 797,5795
336,2492 808,5906
336,2552 819,6555
336,2613 830,7426
336,2673 841,8434
336,2733 852,9846
336,2793 864,2304
336,2853 875,6765
336,2913 887,4343
336,2973 899,6103
336,3033 912,2852
336,3093 925,498
336,3153 939,241
336,3213 953,4636
336,3273 968,0879
336,3333 983,0261
336,3393 998,1983
336,3453 1013,544
336,3513 1029,028
336,3574 1044,636
336,3634 1060,376
336,3694 1076,266
336,3754 1092,333
336,3814 1108,607
336,3874 1125,117
336,3934 1141,884
336,3994 1158,919
336,4054 1176,214
336,4114 1193,747
336,4174 1211,485
336,4234 1229,392
336,4294 1247,444
336,4354 1265,631
336,4414 1283,965
336,4474 1302,468
336,4535 1321,162
336,4595 1340,059
336,4655 1359,154
336,4715 1378,429
336,4775 1397,872
336,4835 1417,498
336,4895 1437,363
336,4955 1457,572
336,5015 1478,262
336,5075 1499,575
336,5135 1521,632
336,5195 1544,495
336,5255 1568,161
336,5315 1592,558
336,5375 1617,563
336,5435 1643,037
336,5496 1668,849
336,5555 1694,903
336,5616 1721,146
336,5676 1747,557
336,5736 1774,138
336,5796 1800,892
336,5856 1827,822
336,5916 1854,932
336,5976 1882,245
336,6036 1909,815
336,6096 1937,734
336,6156 1966,12
336,6216 1995,102
336,6276 2024,785
336,6336 2055,232
336,6396 2086,453
336,6457 2118,413
336,6516 2151,044
336,6577 2184,28
336,6637 2218,072
336,6697 2252,404
336,6757 2287,296
336,6817 2322,792
336,6877 2358,94
336,6937 2395,775
336,6997 2433,307
336,7057 2471,511
336,7117 2510,34
336,7177 2549,735
336,7237 2589,646
336,7297 2630,044
336,7357 2670,921
336,7417 2712,29
336,7477 2754,17
336,7538 2796,569
336,7598 2839,476
336,7658 2882,859
336,7718 2926,675
336,7778 2970,875
336,7838 3015,428
336,7898 3060,323
336,7958 3105,58
336,8018 3151,25
336,8078 3197,398
336,8138 3244,101
336,8198 3291,426
336,8258 3339,418
336,8318 3388,096
336,8378 3437,439
336,8438 3487,399
336,8499 3537,901
336,8559 3588,86
336,8618 3640,195
336,8679 3691,845
336,8739 3743,781
336,8799 3796,013
336,8859 3848,59
336,8919 3901,592
336,8979 3955,122
336,9039 4009,281
336,9099 4064,158
336,9159 4119,805
336,9219 4176,229
336,9279 4233,379
336,9339 4291,144
336,9399 4349,364
336,946 4407,854
336,952 4466,422
336,9579 4524,911
336,964 4583,214
336,97 4641,288
336,976 4699,146
336,982 4756,838
336,988 4814,421
336,994 4871,934
337 4929,386
337,006 4986,758
337,012 5044,02
337,018 5101,141
337,024 5158,114
337,03 5214,956
337,036 5271,694
337,0421 5328,343
337,048 5384,871
337,054 5441,16
337,0601 5496,985
337,0661 5552,011
337,0721 5605,819
337,0781 5657,966
337,0841 5708,062
337,0901 5755,837
337,0961 5801,205
337,1021 5844,263
337,1081 5885,267
337,1141 5924,562
337,1201 5962,495
337,1261 5999,344
337,1321 6035,264
337,1382 6070,275
337,1441 6104,27
337,1501 6137,045
337,1562 6168,349
337,1622 6197,915
337,1682 6225,496
337,1742 6250,891
337,1802 6273,95
337,1862 6294,566
337,1922 6312,654
337,1982 6328,124
337,2042 6340,854
337,2102 6350,689
337,2162 6357,455
337,2222 6360,988
337,2282 6361,181
337,2342 6358,01
337,2402 6351,543
337,2462 6341,923
337,2523 6329,326
337,2583 6313,919
337,2643 6295,818
337,2703 6275,069
337,2763 6251,648
337,2823 6225,473
337,2883 6196,421
337,2943 6164,349
337,3003 6129,102
337,3063 6090,524
337,3123 6048,479
337,3183 6002,854
337,3243 5953,582
337,3303 5900,639
337,3363 5844,047
337,3423 5783,854
337,3484 5720,116
337,3543 5652,884
337,3604 5582,19
337,3664 5508,051
337,3724 5430,471
337,3784 5349,456
337,3844 5265,022
337,3904 5177,199
337,3964 5086,025
337,4024 4991,548
337,4084 4893,824
337,4144 4792,921
337,4204 4688,931
337,4264 4581,972
337,4324 4472,189
337,4384 4359,741
337,4445 4244,773
337,4504 4127,39
337,4565 4007,64
337,4625 3885,509
337,4685 3760,937
337,4745 3633,848
337,4805 3504,188
337,4865 3371,951
337,4925 3237,196
337,4985 3100,042
337,5045 2960,654
337,5105 2819,213
337,5165 2675,896
337,5225 2530,86
337,5285 2384,24
337,5345 2236,157
337,5405 2086,728
337,5465 1936,08
337,5526 1784,347
337,5586 1631,669
337,5646 1478,168
337,5706 1323,948
337,5766 1169,081
337,5826 1013,621
337,5886 857,6178
337,5946 701,1341
337,6006 544,2529
337,6066 387,0706
337,6126 229,6784
337,6186 72,13883
337,6246 -85,53087
337,6306 -243,363
337,6366 -401,4269
337,6426 -559,8051
337,6487 -718,5645
337,6547 -877,7324
337,6607 -1037,282
337,6667 -1197,132
337,6727 -1357,154
337,6787 -1517,188
337,6847 -1677,067
337,6907 -1836,632
337,6967 -1995,75
337,7027 -2154,326
337,7087 -2312,295
337,7147 -2469,619
337,7207 -2626,26
337,7267 -2782,162
337,7327 -2937,232
337,7387 -3091,339
337,7448 -3244,317
337,7508 -3395,989
337,7567 -3546,197
337,7628 -3694,815
337,7688 -3841,76
337,7748 -3986,976
337,7808 -4130,41
337,7868 -4271,983
337,7928 -4411,565
337,7988 -4548,979
337,8048 -4684,007
337,8108 -4816,421
337,8168 -4946,007
337,8228 -5072,581
337,8288 -5195,997
337,8348 -5316,149
337,8409 -5432,966
337,8468 -5546,413
337,8528 -5656,496
337,8589 -5763,261
337,8649 -5866,792
337,8709 -5967,192
337,8769 -6064,547
337,8829 -6158,887
337,8889 -6250,133
337,8949 -6338,065
337,9009 -6422,312
337,9069 -6502,375
337,9129 -6577,703
337,9189 -6647,775
337,9249 -6712,208
337,9309 -6770,818
337,937 -6823,649
337,9429 -6870,936
337,9489 -6913,03
337,955 -6950,315
337,961 -6983,125
337,967 -7011,704
337,973 -7036,187
337,979 -7056,612
337,985 -7072,941
337,991 -7085,075
337,997 -7092,876
338,003 -7096,195
338,009 -7094,902
338,015 -7088,934
338,021 -7078,326
338,027 -7063,232
338,033 -7043,916
338,039 -7020,707
338,045 -6993,944
338,0511 -6963,92
338,0571 -6930,835
338,063 -6894,793
338,0691 -6855,82
338,0751 -6813,908
338,0811 -6769,066
338,0871 -6721,358
338,0931 -6670,923
338,0991 -6617,973
338,1051 -6562,774
338,1111 -6505,626
338,1171 -6446,832
338,1231 -6386,691
338,1291 -6325,48
338,1351 -6263,446
338,1411 -6200,777
338,1472 -6137,572
338,1532 -6073,802
338,1591 -6009,289
338,1652 -5943,717
338,1712 -5876,689
338,1772 -5807,82
338,1832 -5736,85
338,1892 -5663,731
338,1952 -5588,677
338,2012 -5512,131
338,2072 -5434,689
338,2132 -5356,991
338,2192 -5279,61
338,2252 -5202,99
338,2312 -5127,413
338,2372 -5053,019
338,2433 -4979,841
338,2492 -4907,848
338,2552 -4836,973
338,2613 -4767,124
338,2673 -4698,184
338,2733 -4630,01
338,2793 -4562,436
338,2853 -4495,29
338,2913 -4428,43
338,2973 -4361,772
338,3033 -4295,32
338,3093 -4229,168
338,3153 -4163,491
338,3213 -4098,503
338,3273 -4034,42
338,3333 -3971,41
338,3393 -3909,575
338,3453 -3848,938
338,3513 -3789,455
338,3574 -3731,038
338,3634 -3673,583
338,3694 -3616,996
338,3754 -3561,219
338,3814 -3506,234
338,3874 -3452,072
338,3934 -3398,797
338,3994 -3346,489
338,4054 -3295,214
338,4114 -3245,005
338,4174 -3195,842
338,4234 -3147,656
338,4294 -3100,346
338,4354 -3053,795
338,4414 -3007,898
338,4474 -2962,57
338,4535 -2917,748
338,4595 -2873,389
338,4655 -2829,455
338,4715 -2785,92
338,4775 -2742,773
338,4835 -2700,032
338,4895 -2657,747
338,4955 -2616,001
338,5015 -2574,898
338,5075 -2534,544
338,5135 -2495,023
338,5195 -2456,377
338,5255 -2418,604
338,5315 -2381,652
338,5375 -2345,441
338,5435 -2309,875
338,5496 -2274,871
338,5555 -2240,373
338,5616 -2206,367
338,5676 -2172,887
338,5736 -2140
338,5796 -2107,795
338,5856 -2076,352
338,5916 -2045,723
338,5976 -2015,912
338,6036 -1986,867
338,6096 -1958,487
338,6156 -1930,642
338,6216 -1903,207
338,6276 -1876,081
338,6336 -1849,221
338,6396 -1822,642
338,6457 -1796,412
338,6516 -1770,632
338,6577 -1745,404
338,6637 -1720,805
338,6697 -1696,866
338,6757 -1673,57
338,6817 -1650,858
338,6877 -1628,648
338,6937 -1606,864
338,6997 -1585,45
338,7057 -1564,391
338,7117 -1543,709
338,7177 -1523,461
338,7237 -1503,728
338,7297 -1484,595
338,7357 -1466,13
338,7417 -1448,361
338,7477 -1431,254
338,7538 -1414,701
338,7598 -1398,523
338,7658 -1382,493
338,7718 -1366,381
338,7778 -1350
338,7838 -1333,251
338,7898 -1316,143
338,7958 -1298,783
338,8018 -1281,337
338,8078 -1263,983
338,8138 -1246,862
338,8198 -1230,054
338,8258 -1213,572
338,8318 -1197,391
338,8378 -1181,477
338,8438 -1165,81
338,8499 -1150,396
338,8559 -1135,259
338,8618 -1120,426
338,8679 -1105,91
338,8739 -1091,708
338,8799 -1077,808
338,8859 -1064,206
338,8919 -1050,914
338,8979 -1037,969
338,9039 -1025,415
338,9099 -1013,284
338,9159 -1001,571
338,9219 -990,2242
338,9279 -979,1516
338,9339 -968,2411
338,9399 -957,387
338,946 -946,5125
338,952 -935,5801
338,9579 -924,5902
338,964 -913,571
338,97 -902,566
338,976 -891,6243
338,982 -880,7944
338,988 -870,1207
338,994 -859,6397
339 -849,3757
339,006 -839,3362
339,012 -829,5099
339,018 -819,8674
339,024 -810,3662
339,03 -800,9591
339,036 -791,6024
339,0421 -782,264
339,048 -772,9288
339,054 -763,6011
339,0601 -754,3041
339,0661 -745,0782
339,0721 -735,9778
339,0781 -727,0682
339,0841 -718,4202
339,0901 -710,1033
339,0961 -702,1739
339,1021 -694,6616
339,1081 -687,5581
339,1141 -680,8128
339,1201 -674,3406
339,1261 -668,0417
339,1321 -661,8256
339,1382 -655,6325
339,1441 -649,4413
339,1501 -643,2612
339,1562 -637,1108
339,1622 -630,994
339,1682 -624,8823
339,1742 -618,713
339,1802 -612,4005
339,1862 -605,8588
339,1922 -599,0261
339,1982 -591,8819
339,2042 -584,455
339,2102 -576,8192
339,2162 -569,0811
339,2222 -561,363
339,2282 -553,7853
339,2342 -546,4525
339,2402 -539,4433
339,2462 -532,8079
339,2523 -526,5687
339,2583 -520,725
339,2643 -515,257
339,2703 -510,1269
339,2763 -505,2793
339,2823 -500,6389
339,2883 -496,1123
339,2943 -491,5932
339,3003 -486,9756
339,3063 -482,1695
339,3123 -477,1198
339,3183 -471,8197
339,3243 -466,3167
339,3303 -460,708
339,3363 -455,1248
339,3423 -449,707
339,3484 -444,5745
339,3543 -439,8001
339,3604 -435,3934
339,3664 -431,3001
339,3724 -427,4204
339,3784 -423,6403
339,3844 -419,8695
339,3904 -416,0692
339,3964 -412,2634
339,4024 -408,5243
339,4084 -404,9412
339,4144 -401,5802
339,4204 -398,453
339,4264 -395,5053
339,4324 -392,6299
339,4384 -389,6989
339,4445 -386,603
339,4504 -383,2825
339,4565 -379,7405
339,4625 -376,0337
339,4685 -372,2463
339,4745 -368,4572
339,4805 -364,7127
339,4865 -361,0138
339,4925 -357,3223
339,4985 -353,583
339,5045 -349,7524
339,5105 -345,8254
339,5165 -341,8483
339,5225 -337,9146
339,5285 -334,1451
339,5345 -330,6582
339,5405 -327,5411
339,5465 -324,8299
339,5526 -322,5039
339,5586 -320,4923
339,5646 -318,6921
339,5706 -316,9874
339,5766 -315,2685
339,5826 -313,4437
339,5886 -311,4458
339,5946 -309,2334
339,6006 -306,7908
339,6066 -304,1279
339,6126 -301,2806
339,6186 -298,3095
339,6246 -295,2941
339,6306 -292,3214
339,6366 -289,4699
339,6426 -286,7944
339,6487 -284,3149
339,6547 -282,0164
339,6607 -279,8562
339,6667 -277,7786
339,6727 -275,7296
339,6787 -273,6679
339,6847 -271,5684
339,6907 -269,4199
339,6967 -267,2191
339,7027 -264,9639
339,7087 -262,65
339,7147 -260,2701
339,7207 -257,8163
339,7267 -255,2837
339,7327 -252,6729
339,7387 -249,9906
339,7448 -247,2471
339,7508 -244,4514
339,7567 -241,6063
339,7628 -238,7059
339,7688 -235,738
339,7748 -232,6904
339,7808 -229,5605
339,7868 -226,3652
339,7928 -223,1463
339,7988 -219,9713
339,8048 -216,9293
339,8108 -214,1217
339,8168 -211,6515
339,8228 -209,6094
339,8288 -208,0608
339,8348 -207,0326
339,8409 -206,5035
339,8468 -206,3991
339,8528 -206,595
339,8589 -206,9272
339,8649 -207,2106
339,8709 -207,2629
339,8769 -206,9311
339,8829 -206,1155
339,8889 -204,7866
339,8949 -202,989
339,9009 -200,8298
339,9069 -198,4532
339,9129 -196,0074
339,9189 -193,6143
339,9249 -191,3529
339,9309 -189,2577
339,937 -187,3335
339,9429 -185,5747
339,9489 -183,9791
339,955 -182,5505
339,961 -181,2878
339,967 -180,1697
339,973 -179,145
339,979 -178,1353
339,985 -177,0538
339,991 -175,8314
339,997 -174,4419
340,003 -172,9128
340,009 -171,3177
340,015 -169,752
340,021 -168,2988
340,027 -166,999
340,033 -165,8349
340,039 -164,7321
340,045 -163,5797
340,0511 -162,2613
340,0571 -160,685
340,063 -158,8061
340,0691 -156,6341
340,0751 -154,2258
340,0811 -151,6681
340,0871 -149,0572
340,0931 -146,4814
340,0991 -144,0104
340,1051 -141,6932
340,1111 -139,5622
340,1171 -137,6411
340,1231 -135,9528
340,1291 -134,5258
340,1351 -133,3942
340,1411 -132,5932
340,1472 -132,1472
340,1532 -132,0543
340,1591 -132,2728
340,1652 -132,7142
340,1712 -133,2471
340,1772 -133,7144
340,1832 -133,9588
340,1892 -133,8521
340,1952 -133,3199
340,2012 -132,3559
340,2072 -131,0227
340,2132 -129,4383
340,2192 -127,7535
340,2252 -126,1233
340,2312 -124,6805
340,2372 -123,5166
340,2433 -122,6728
340,2492 -122,142
340,2552 -121,8785
340,2613 -121,8121
340,2673 -121,8617
340,2733 -121,9469
340,2793 -121,9953
340,2853 -121,9457
340,2913 -121,7503
340,2973 -121,3725
340,3033 -120,7861
340,3093 -119,9734
340,3153 -118,9253
340,3213 -117,6425
340,3273 -116,1377
340,3333 -114,4365
340,3393 -112,5757
340,3453 -110,5994
340,3513 -108,5538
340,3574 -106,4837
340,3634 -104,4324
340,3694 -102,4433
340,3754 -100,562
340,3814 -98,83353
340,3874 -97,29316
340,3934 -95,95409
340,3994 -94,79705
340,4054 -93,7696
340,4114 -92,799
340,4174 -91,8168
340,4234 -90,78634
340,4294 -89,72177
340,4354 -88,68871
340,4414 -87,78442
340,4474 -87,10353
340,4535 -86,70226
340,4595 -86,57452
340,4655 -86,64862
340,4715 -86,80463
340,4775 -86,90501
340,4835 -86,82722
340,4895 -86,48805
340,4955 -85,8544
340,5015 -84,94041
340,5075 -83,79539
340,5135 -82,48785
340,5195 -81,09052
340,5255 -79,66911
340,5315 -78,27558
340,5375 -76,94566
340,5435 -75,69924
340,5496 -74,54279
340,5555 -73,4725
340,5616 -72,47753
340,5676 -71,54276
340,5736 -70,65092
340,5796 -69,784
340,5856 -68,92404
340,5916 -68,05338
340,5976 -67,15501
340,6036 -66,21397
340,6096 -65,22044
340,6156 -64,17484
340,6216 -63,0937
340,6276 -62,01361
340,6336 -60,99008
340,6396 -60,08926
340,6457 -59,37286
340,6516 -58,88017
340,6577 -58,61305
340,6637 -58,52997
340,6697 -58,55235
340,6757 -58,58231
340,6817 -58,52636
340,6877 -58,317
340,6937 -57,92488
340,6997 -57,35781
340,7057 -56,64796
340,7117 -55,83384
340,7177 -54,9453
340,7237 -53,99843
340,7297 -53,00191
340,7357 -51,9706
340,7417 -50,93792
340,7477 -49,95901
340,7538 -49,10053
340,7598 -48,41999
340,7658 -47,94266
340,7718 -47,64568
340,7778 -47,45654
340,7838 -47,26709
340,7898 -46,95833
340,7958 -46,42778
340,8018 -45,61142
340,8078 -44,49473
340,8138 -43,11176
340,8198 -41,53426
340,8258 -39,85482
340,8318 -38,16816
340,8378 -36,55396
340,8438 -35,06437
340,8499 -33,71848
340,8559 -32,50523
340,8618 -31,39469
340,8679 -30,35531
340,8739 -29,37189
340,8799 -28,45802
340,8859 -27,65715
340,8919 -27,02995
340,8979 -26,63069
340,9039 -26,48024
340,9099 -26,54594
340,9159 -26,73704
340,9219 -26,91925
340,9279 -26,9449
340,9339 -26,68869
340,9399 -26,07636
340,946 -25,09641
340,952 -23,79154
340,9579 -22,23475
340,964 -20,50118
340,97 -18,64747
340,976 -16,70623
340,982 -14,69537
340,988 -12,63551
340,994 -10,56504
341 -8,545254
335 -7,95558
335,006 -9,808053
335,012 -11,60879
335,018 -13,21622
335,024 -14,50316
335,03 -15,37649
335,036 -15,78927
335,0421 -15,74269
335,048 -15,27938
335,054 -14,47156
335,0601 -13,40823
335,0661 -12,18401
335,0721 -10,88992
335,0781 -9,605131
335,0841 -8,388734
335,0901 -7,272096
335,0961 -6,254428
335,1021 -5,304555
335,1081 -4,370577
335,1141 -3,396086
335,1201 -2,338482
335,1261 -1,183444
335,1321 0,04936031
335,1382 1,310995
335,1441 2,536286
335,1501 3,660491
335,1562 4,634551
335,1622 5,435412
335,1682 6,070078
335,1742 6,573801
335,1802 7,003677
335,1862 7,429297
335,1922 7,922307
335,1982 8,546958
335,2042 9,353405
335,2102 10,37446
335,2162 11,6251
335,2222 13,10311
335,2282 14,7894
335,2342 16,64831
335,2402 18,62928
335,2462 20,67222
335,2523 22,71699
335,2583 24,71515
335,2643 26,63974
335,2703 28,48933
335,2763 30,28443
335,2823 32,05818
335,2883 33,84552
335,2943 35,67484
335,3003 37,56399
335,3063 39,51939
335,3123 41,53564
335,3183 43,59361
335,3243 45,65767
335,3303 47,67501
335,3363 49,58089
335,3423 51,31179
335,3484 52,82478
335,3543 54,11809
335,3604 55,24535
335,3664 56,31681
335,3724 57,48442
335,3784 58,91302
335,3844 60,74481
335,3904 63,06726
335,3964 65,89381
335,4024 69,16225
335,4084 72,75005
335,4144 76,50086
335,4204 80,25439
335,4264 83,8725
335,4324 87,25716
335,4384 90,35878
335,4445 93,1748
335,4504 95,73999
335,4565 98,11053
335,4625 100,3453
335,4685 102,4891
335,4745 104,5636
335,4805 106,5673
335,4865 108,4853
335,4925 110,3041
335,4985 112,0247
335,5045 113,6685
335,5105 115,2756
335,5165 116,8979
335,5225 118,5905
335,5285 120,4073
335,5345 122,3993
335,5405 124,6159
335,5465 127,1025
335,5526 129,8948
335,5586 133,0077
335,5646 136,425
335,5706 140,093
335,5766 143,9231
335,5826 147,8031
335,5886 151,6149
335,5946 155,2529
335,6006 158,6396
335,6066 161,7337
335,6126 164,5321
335,6186 167,0675
335,6246 169,404
335,6306 171,6311
335,6366 173,8564
335,6426 176,1957
335,6487 178,7585
335,6547 181,6325
335,6607 184,8688
335,6667 188,4743
335,6727 192,4119
335,6787 196,61
335,6847 200,9772
335,6907 205,4184
335,6967 209,8481
335,7027 214,1976
335,7087 218,4179
335,7147 222,4776
335,7207 226,3592
335,7267 230,0558
335,7327 233,5688
335,7387 236,909
335,7448 240,0988
335,7508 243,1759
335,7567 246,194
335,7628 249,2193
335,7688 252,3215
335,7748 255,5621
335,7808 258,9837
335,7868 262,6039
335,7928 266,4182
335,7988 270,4099
335,8048 274,5633
335,8108 278,8734
335,8168 283,3479
335,8228 287,9972
335,8288 292,8181
335,8348 297,7773
335,8409 302,8033
335,8468 307,7949
335,8528 312,644
335,8589 317,2674
335,8649 321,6355
335,8709 325,7884
335,8769 329,8321
335,8829 333,9179
335,8889 338,2111
335,8949 342,8579
335,9009 347,9594
335,9069 353,5559
335,9129 359,6223
335,9189 366,0742
335,9249 372,7809
335,9309 379,5856
335,937 386,3285
335,9429 392,87
335,9489 399,11
335,955 404,9994
335,961 410,5425
335,967 415,7905
335,973 420,8309
335,979 425,7751
335,985 430,7469
335,991 435,8718
335,997 441,2654
336,003 447,0191
336,009 453,1859
336,015 459,7693
336,021 466,7218
336,027 473,9551
336,033 481,3625
336,039 488,8448
336,045 496,3345
336,0511 503,8069
336,0571 511,2778
336,063 518,7882
336,0691 526,3827
336,0751 534,09
336,0811 541,9111
336,0871 549,8183
336,0931 557,7652
336,0991 565,7022
336,1051 573,5942
336,1111 581,4344
336,1171 589,2505
336,1231 597,1022
336,1291 605,0715
336,1351 613,2477
336,1411 621,7126
336,1472 630,5282
336,1532 639,7296
336,1591 649,322
336,1652 659,2814
336,1712 669,5574
336,1772 680,0777
336,1832 690,756
336,1892 701,5031
336,1952 712,2413
336,2012 722,9192
336,2072 733,5203
336,2132 744,0647
336,2192 754,5993
336,2252 765,1815
336,2312 775,8599
336,2372 786,6602
336,2433 797,5795
336,2492 808,5906
336,2552 819,6555
336,2613 830,7426
336,2673 841,8434
336,2733 852,9846
336,2793 864,2304
336,2853 875,6765
336,2913 887,4343
336,2973 899,6103
336,3033 912,2852
336,3093 925,498
336,3153 939,241
336,3213 953,4636
336,3273 968,0879
336,3333 983,0261
336,3393 998,1983
336,3453 1013,544
336,3513 1029,028
336,3574 1044,636
336,3634 1060,376
336,3694 1076,266
336,3754 1092,333
336,3814 1108,607
336,3874 1125,117
336,3934 1141,884
336,3994 1158,919
336,4054 1176,214
336,4114 1193,747
336,4174 1211,485
336,4234 1229,392
336,4294 1247,444
336,4354 1265,631
336,4414 1283,965
336,4474 1302,468
336,4535 1321,162
336,4595 1340,059
336,4655 1359,154
336,4715 1378,429
336,4775 1397,872
336,4835 1417,498
336,4895 1437,363
336,4955 1457,572
336,5015 1478,262
336,5075 1499,575
336,5135 1521,632
336,5195 1544,495
336,5255 1568,161
336,5315 1592,558
336,5375 1617,563
336,5435 1643,037
336,5496 1668,849
336,5555 1694,903
336,5616 1721,146
336,5676 1747,557
336,5736 1774,138
336,5796 1800,892
336,5856 1827,822
336,5916 1854,932
336,5976 1882,245
336,6036 1909,815
336,6096 1937,734
336,6156 1966,12
336,6216 1995,102
336,6276 2024,785
336,6336 2055,232
336,6396 2086,453
336,6457 2118,413
336,6516 2151,044
336,6577 2184,28
336,6637 2218,072
336,6697 2252,404
336,6757 2287,296
336,6817 2322,792
336,6877 2358,94
336,6937 2395,775
336,6997 2433,307
336,7057 2471,511
336,7117 2510,34
336,7177 2549,735
336,7237 2589,646
336,7297 2630,044
336,7357 2670,921
336,7417 2712,29
336,7477 2754,17
336,7538 2796,569
336,7598 2839,476
336,7658 2882,859
336,7718 2926,675
336,7778 2970,875
336,7838 3015,428
336,7898 3060,323
336,7958 3105,58
336,8018 3151,25
336,8078 3197,398
336,8138 3244,101
336,8198 3291,426
336,8258 3339,418
336,8318 3388,096
336,8378 3437,439
336,8438 3487,399
336,8499 3537,901
336,8559 3588,86
336,8618 3640,195
336,8679 3691,845
336,8739 3743,781
336,8799 3796,013
336,8859 3848,59
336,8919 3901,592
336,8979 3955,122
336,9039 4009,281
336,9099 4064,158
336,9159 4119,805
336,9219 4176,229
336,9279 4233,379
336,9339 4291,144
336,9399 4349,364
336,946 4407,854
336,952 4466,422
336,9579 4524,911
336,964 4583,214
336,97 4641,288
336,976 4699,146
336,982 4756,838
336,988 4814,421
336,994 4871,934
337 4929,386
337,006 4986,758
337,012 5044,02
337,018 5101,141
337,024 5158,114
337,03 5214,956
337,036 5271,694
337,0421 5328,343
337,048 5384,871
337,054 5441,16
337,0601 5496,985
337,0661 5552,011
337,0721 5605,819
337,0781 5657,966
337,0841 5708,062
337,0901 5755,837
337,0961 5801,205
337,1021 5844,263
337,1081 5885,267
337,1141 5924,562
337,1201 5962,495
337,1261 5999,344
337,1321 6035,264
337,1382 6070,275
337,1441 6104,27
337,1501 6137,045
337,1562 6168,349
337,1622 6197,915
337,1682 6225,496
337,1742 6250,891
337,1802 6273,95
337,1862 6294,566
337,1922 6312,654
337,1982 6328,124
337,2042 6340,854
337,2102 6350,689
337,2162 6357,455
337,2222 6360,988
337,2282 6361,181
337,2342 6358,01
337,2402 6351,543
337,2462 6341,923
337,2523 6329,326
337,2583 6313,919
337,2643 6295,818
337,2703 6275,069
337,2763 6251,648
337,2823 6225,473
337,2883 6196,421
337,2943 6164,349
337,3003 6129,102
337,3063 6090,524
337,3123 6048,479
337,3183 6002,854
337,3243 5953,582
337,3303 5900,639
337,3363 5844,047
337,3423 5783,854
337,3484 5720,116
337,3543 5652,884
337,3604 5582,19
337,3664 5508,051
337,3724 5430,471
337,3784 5349,456
337,3844 5265,022
337,3904 5177,199
337,3964 5086,025
337,4024 4991,548
337,4084 4893,824
337,4144 4792,921
337,4204 4688,931
337,4264 4581,972
337,4324 4472,189
337,4384 4359,741
337,4445 4244,773
337,4504 4127,39
337,4565 4007,64
337,4625 3885,509
337,4685 3760,937
337,4745 3633,848
337,4805 3504,188
337,4865 3371,951
337,4925 3237,196
337,4985 3100,042
337,5045 2960,654
337,5105 2819,213
337,5165 2675,896
337,5225 2530,86
337,5285 2384,24
337,5345 2236,157
337,5405 2086,728
337,5465 1936,08
337,5526 1784,347
337,5586 1631,669
337,5646 1478,168
337,5706 1323,948
337,5766 1169,081
337,5826 1013,621
337,5886 857,6178
337,5946 701,1341
337,6006 544,2529
337,6066 387,0706
337,6126 229,6784
337,6186 72,13883
337,6246 -85,53087
337,6306 -243,363
337,6366 -401,4269
337,6426 -559,8051
337,6487 -718,5645
337,6547 -877,7324
337,6607 -1037,282
337,6667 -1197,132
337,6727 -1357,154
337,6787 -1517,188
337,6847 -1677,067
337,6907 -1836,632
337,6967 -1995,75
337,7027 -2154,326
337,7087 -2312,295
337,7147 -2469,619
337,7207 -2626,26
337,7267 -2782,162
337,7327 -2937,232
337,7387 -3091,339
337,7448 -3244,317
337,7508 -3395,989
337,7567 -3546,197
337,7628 -3694,815
337,7688 -3841,76
337,7748 -3986,976
337,7808 -4130,41
337,7868 -4271,983
337,7928 -4411,565
337,7988 -4548,979
337,8048 -4684,007
337,8108 -4816,421
337,8168 -4946,007
337,8228 -5072,581
337,8288 -5195,997
337,8348 -5316,149
337,8409 -5432,966
337,8468 -5546,413
337,8528 -5656,496
337,8589 -5763,261
337,8649 -5866,792
337,8709 -5967,192
337,8769 -6064,547
337,8829 -6158,887
337,8889 -6250,133
337,8949 -6338,065
337,9009 -6422,312
337,9069 -6502,375
337,9129 -6577,703
337,9189 -6647,775
337,9249 -6712,208
337,9309 -6770,818
337,937 -6823,649
337,9429 -6870,936
337,9489 -6913,03
337,955 -6950,315
337,961 -6983,125
337,967 -7011,704
337,973 -7036,187
337,979 -7056,612
337,985 -7072,941
337,991 -7085,075
337,997 -7092,876
338,003 -7096,195
338,009 -7094,902
338,015 -7088,934
338,021 -7078,326
338,027 -7063,232
338,033 -7043,916
338,039 -7020,707
338,045 -6993,944
338,0511 -6963,92
338,0571 -6930,835
338,063 -6894,793
338,0691 -6855,82
338,0751 -6813,908
338,0811 -6769,066
338,0871 -6721,358
338,0931 -6670,923
338,0991 -6617,973
338,1051 -6562,774
338,1111 -6505,626
338,1171 -6446,832
338,1231 -6386,691
338,1291 -6325,48
338,1351 -6263,446
338,1411 -6200,777
338,1472 -6137,572
338,1532 -6073,802
338,1591 -6009,289
338,1652 -5943,717
338,1712 -5876,689
338,1772 -5807,82
338,1832 -5736,85
338,1892 -5663,731
338,1952 -5588,677
338,2012 -5512,131
338,2072 -5434,689
338,2132 -5356,991
338,2192 -5279,61
338,2252 -5202,99
338,2312 -5127,413
338,2372 -5053,019
338,2433 -4979,841
338,2492 -4907,848
338,2552 -4836,973
338,2613 -4767,124
338,2673 -4698,184
338,2733 -4630,01
338,2793 -4562,436
338,2853 -4495,29
338,2913 -4428,43
338,2973 -4361,772
338,3033 -4295,32
338,3093 -4229,168
338,3153 -4163,491
338,3213 -4098,503
338,3273 -4034,42
338,3333 -3971,41
338,3393 -3909,575
338,3453 -3848,938
338,3513 -3789,455
338,3574 -3731,038
338,3634 -3673,583
338,3694 -3616,996
338,3754 -3561,219
338,3814 -3506,234
338,3874 -3452,072
338,3934 -3398,797
338,3994 -3346,489
338,4054 -3295,214
338,4114 -3245,005
338,4174 -3195,842
338,4234 -3147,656
338,4294 -3100,346
338,4354 -3053,795
338,4414 -3007,898
338,4474 -2962,57
338,4535 -2917,748
338,4595 -2873,389
338,4655 -2829,455
338,4715 -2785,92
338,4775 -2742,773
338,4835 -2700,032
338,4895 -2657,747
338,4955 -2616,001
338,5015 -2574,898
338,5075 -2534,544
338,5135 -2495,023
338,5195 -2456,377
338,5255 -2418,604
338,5315 -2381,652
338,5375 -2345,441
338,5435 -2309,875
338,5496 -2274,871
338,5555 -2240,373
338,5616 -2206,367
338,5676 -2172,887
338,5736 -2140
338,5796 -2107,795
338,5856 -2076,352
338,5916 -2045,723
338,5976 -2015,912
338,6036 -1986,867
338,6096 -1958,487
338,6156 -1930,642
338,6216 -1903,207
338,6276 -1876,081
338,6336 -1849,221
338,6396 -1822,642
338,6457 -1796,412
338,6516 -1770,632
338,6577 -1745,404
338,6637 -1720,805
338,6697 -1696,866
338,6757 -1673,57
338,6817 -1650,858
338,6877 -1628,648
338,6937 -1606,864
338,6997 -1585,45
338,7057 -1564,391
338,7117 -1543,709
338,7177 -1523,461
338,7237 -1503,728
338,7297 -1484,595
338,7357 -1466,13
338,7417 -1448,361
338,7477 -1431,254
338,7538 -1414,701
338,7598 -1398,523
338,7658 -1382,493
338,7718 -1366,381
338,7778 -1350
338,7838 -1333,251
338,7898 -1316,143
338,7958 -1298,783
338,8018 -1281,337
338,8078 -1263,983
338,8138 -1246,862
338,8198 -1230,054
338,8258 -1213,572
338,8318 -1197,391
338,8378 -1181,477
338,8438 -1165,81
338,8499 -1150,396
338,8559 -1135,259
338,8618 -1120,426
338,8679 -1105,91
338,8739 -1091,708
338,8799 -1077,808
338,8859 -1064,206
338,8919 -1050,914
338,8979 -1037,969
338,9039 -1025,415
338,9099 -1013,284
338,9159 -1001,571
338,9219 -990,2242
338,9279 -979,1516
338,9339 -968,2411
338,9399 -957,387
338,946 -946,5125
338,952 -935,5801
338,9579 -924,5902
338,964 -913,571
338,97 -902,566
338,976 -891,6243
338,982 -880,7944
338,988 -870,1207
338,994 -859,6397
339 -849,3757
339,006 -839,3362
339,012 -829,5099
339,018 -819,8674
339,024 -810,3662
339,03 -800,9591
339,036 -791,6024
339,0421 -782,264
339,048 -772,9288
339,054 -763,6011
339,0601 -754,3041
339,0661 -745,0782
339,0721 -735,9778
339,0781 -727,0682
339,0841 -718,4202
339,0901 -710,1033
339,0961 -702,1739
339,1021 -694,6616
339,1081 -687,5581
339,1141 -680,8128
339,1201 -674,3406
339,1261 -668,0417
339,1321 -661,8256
339,1382 -655,6325
339,1441 -649,4413
339,1501 -643,2612
339,1562 -637,1108
339,1622 -630,994
339,1682 -624,8823
339,1742 -618,713
339,1802 -612,4005
339,1862 -605,8588
339,1922 -599,0261
339,1982 -591,8819
339,2042 -584,455
339,2102 -576,8192
339,2162 -569,0811
339,2222 -561,363
339,2282 -553,7853
339,2342 -546,4525
339,2402 -539,4433
339,2462 -532,8079
339,2523 -526,5687
339,2583 -520,725
339,2643 -515,257
339,2703 -510,1269
339,2763 -505,2793
339,2823 -500,6389
339,2883 -496,1123
339,2943 -491,5932
339,3003 -486,9756
339,3063 -482,1695
339,3123 -477,1198
339,3183 -471,8197
339,3243 -466,3167
339,3303 -460,708
339,3363 -455,1248
339,3423 -449,707
339,3484 -444,5745
339,3543 -439,8001
339,3604 -435,3934
339,3664 -431,3001
339,3724 -427,4204
339,3784 -423,6403
339,3844 -419,8695
339,3904 -416,0692
339,3964 -412,2634
339,4024 -408,5243
339,4084 -404,9412
339,4144 -401,5802
339,4204 -398,453
339,4264 -395,5053
339,4324 -392,6299
339,4384 -389,6989
339,4445 -386,603
339,4504 -383,2825
339,4565 -379,7405
339,4625 -376,0337
339,4685 -372,2463
339,4745 -368,4572
339,4805 -364,7127
339,4865 -361,0138
339,4925 -357,3223
339,4985 -353,583
339,5045 -349,7524
339,5105 -345,8254
339,5165 -341,8483
339,5225 -337,9146
339,5285 -334,1451
339,5345 -330,6582
339,5405 -327,5411
339,5465 -324,8299
339,5526 -322,5039
339,5586 -320,4923
339,5646 -318,6921
339,5706 -316,9874
339,5766 -315,2685
339,5826 -313,4437
339,5886 -311,4458
339,5946 -309,2334
339,6006 -306,7908
339,6066 -304,1279
339,6126 -301,2806
339,6186 -298,3095
339,6246 -295,2941
339,6306 -292,3214
339,6366 -289,4699
339,6426 -286,7944
339,6487 -284,3149
339,6547 -282,0164
339,6607 -279,8562
339,6667 -277,7786
339,6727 -275,7296
339,6787 -273,6679
339,6847 -271,5684
339,6907 -269,4199
339,6967 -267,2191
339,7027 -264,9639
339,7087 -262,65
339,7147 -260,2701
339,7207 -257,8163
339,7267 -255,2837
339,7327 -252,6729
339,7387 -249,9906
339,7448 -247,2471
339,7508 -244,4514
339,7567 -241,6063
339,7628 -238,7059
339,7688 -235,738
339,7748 -232,6904
339,7808 -229,5605
339,7868 -226,3652
339,7928 -223,1463
339,7988 -219,9713
339,8048 -216,9293
339,8108 -214,1217
339,8168 -211,6515
339,8228 -209,6094
339,8288 -208,0608
339,8348 -207,0326
339,8409 -206,5035
339,8468 -206,3991
339,8528 -206,595
339,8589 -206,9272
339,8649 -207,2106
339,8709 -207,2629
339,8769 -206,9311
339,8829 -206,1155
339,8889 -204,7866
339,8949 -202,989
339,9009 -200,8298
339,9069 -198,4532
339,9129 -196,0074
339,9189 -193,6143
339,9249 -191,3529
339,9309 -189,2577
339,937 -187,3335
339,9429 -185,5747
339,9489 -183,9791
339,955 -182,5505
339,961 -181,2878
339,967 -180,1697
339,973 -179,145
339,979 -178,1353
339,985 -177,0538
339,991 -175,8314
339,997 -174,4419
340,003 -172,9128
340,009 -171,3177
340,015 -169,752
340,021 -168,2988
340,027 -166,999
340,033 -165,8349
340,039 -164,7321
340,045 -163,5797
340,0511 -162,2613
340,0571 -160,685
340,063 -158,8061
340,0691 -156,6341
340,0751 -154,2258
340,0811 -151,6681
340,0871 -149,0572
340,0931 -146,4814
340,0991 -144,0104
340,1051 -141,6932
340,1111 -139,5622
340,1171 -137,6411
340,1231 -135,9528
340,1291 -134,5258
340,1351 -133,3942
340,1411 -132,5932
340,1472 -132,1472
340,1532 -132,0543
340,1591 -132,2728
340,1652 -132,7142
340,1712 -133,2471
340,1772 -133,7144
340,1832 -133,9588
340,1892 -133,8521
340,1952 -133,3199
340,2012 -132,3559
340,2072 -131,0227
340,2132 -129,4383
340,2192 -127,7535
340,2252 -126,1233
340,2312 -124,6805
340,2372 -123,5166
340,2433 -122,6728
340,2492 -122,142
340,2552 -121,8785
340,2613 -121,8121
340,2673 -121,8617
340,2733 -121,9469
340,2793 -121,9953
340,2853 -121,9457
340,2913 -121,7503
340,2973 -121,3725
340,3033 -120,7861
340,3093 -119,9734
340,3153 -118,9253
340,3213 -117,6425
340,3273 -116,1377
340,3333 -114,4365
340,3393 -112,5757
340,3453 -110,5994
340,3513 -108,5538
340,3574 -106,4837
340,3634 -104,4324
340,3694 -102,4433
340,3754 -100,562
340,3814 -98,83353
340,3874 -97,29316
340,3934 -95,95409
340,3994 -94,79705
340,4054 -93,7696
340,4114 -92,799
340,4174 -91,8168
340,4234 -90,78634
340,4294 -89,72177
340,4354 -88,68871
340,4414 -87,78442
340,4474 -87,10353
340,4535 -86,70226
340,4595 -86,57452
340,4655 -86,64862
340,4715 -86,80463
340,4775 -86,90501
340,4835 -86,82722
340,4895 -86,48805
340,4955 -85,8544
340,5015 -84,94041
340,5075 -83,79539
340,5135 -82,48785
340,5195 -81,09052
340,5255 -79,66911
340,5315 -78,27558
340,5375 -76,94566
340,5435 -75,69924
340,5496 -74,54279
340,5555 -73,4725
340,5616 -72,47753
340,5676 -71,54276
340,5736 -70,65092
340,5796 -69,784
340,5856 -68,92404
340,5916 -68,05338
340,5976 -67,15501
340,6036 -66,21397
340,6096 -65,22044
340,6156 -64,17484
340,6216 -63,0937
340,6276 -62,01361
340,6336 -60,99008
340,6396 -60,08926
340,6457 -59,37286
340,6516 -58,88017
340,6577 -58,61305
340,6637 -58,52997
340,6697 -58,55235
340,6757 -58,58231
340,6817 -58,52636
340,6877 -58,317
340,6937 -57,92488
340,6997 -57,35781
340,7057 -56,64796
340,7117 -55,83384
340,7177 -54,9453
340,7237 -53,99843
340,7297 -53,00191
340,7357 -51,9706
340,7417 -50,93792
340,7477 -49,95901
340,7538 -49,10053
340,7598 -48,41999
340,7658 -47,94266
340,7718 -47,64568
340,7778 -47,45654
340,7838 -47,26709
340,7898 -46,95833
340,7958 -46,42778
340,8018 -45,61142
340,8078 -44,49473
340,8138 -43,11176
340,8198 -41,53426
340,8258 -39,85482
340,8318 -38,16816
340,8378 -36,55396
340,8438 -35,06437
340,8499 -33,71848
340,8559 -32,50523
340,8618 -31,39469
340,8679 -30,35531
340,8739 -29,37189
340,8799 -28,45802
340,8859 -27,65715
340,8919 -27,02995
340,8979 -26,63069
340,9039 -26,48024
340,9099 -26,54594
340,9159 -26,73704
340,9219 -26,91925
340,9279 -26,9449
340,9339 -26,68869
340,9399 -26,07636
340,946 -25,09641
340,952 -23,79154
340,9579 -22,23475
340,964 -20,50118
340,97 -18,64747
340,976 -16,70623
340,982 -14,69537
340,988 -12,63551
340,994 -10,56504
341 -8,545254
