335 0,01199505
335,006 -0,4766234
335,012 -1,376655
335,018 -2,781484
335,024 -4,705304
335,03 -7,041073
335,036 -9,546776
335,0421 -11,87798
335,048 -13,66711
335,054 -14,62682
335,0601 -14,63962
335,0661 -13,79941
335,0721 -12,38985
335,0781 -10,8091
335,0841 -9,466117
335,0901 -8,677902
335,0961 -8,591616
335,1021 -9,149637
335,1081 -10,10866
335,1141 -11,11322
335,1201 -11,80605
335,1261 -11,93829
335,1321 -11,43572
335,1382 -10,39343
335,1441 -9,00689
335,1501 -7,479946
335,1562 -5,9579
335,1622 -4,510313
335,1682 -3,153131
335,1742 -1,879948
335,1802 -0,6801245
335,1862 0,4561774
335,1922 1,532927
335,1982 2,536791
335,2042 3,428067
335,2102 4,147256
335,2162 4,638839
335,2222 4,877791
335,2282 4,87997
335,2342 4,688823
335,2402 4,348368
335,2462 3,882506
335,2523 3,296818
335,2583 2,603645
335,2643 1,85417
335,2703 1,153557
335,2763 0,6437475
335,2823 0,4598846
335,2883 0,686205
335,2943 1,33953
335,3003 2,389215
335,3063 3,795417
335,3123 5,534248
335,3183 7,589391
335,3243 9,915873
335,3303 12,40329
335,3363 14,86894
335,3423 17,09624
335,3484 18,90982
335,3543 20,25618
335,3604 21,24869
335,3664 22,14549
335,3724 23,25974
335,3784 24,83908
335,3844 26,97183
335,3904 29,56347
335,3964 32,3866
335,4024 35,1686
335,4084 37,67027
335,4144 39,7284
335,4204 41,26568
335,4264 42,2865
335,4324 42,87207
335,4384 43,1716
335,4445 43,37812
335,4504 43,68328
335,4565 44,21974
335,4625 45,0124
335,4685 45,96281
335,4745 46,88162
335,4805 47,56368
335,4865 47,87777
335,4925 47,83071
335,4985 47,57528
335,5045 47,35862
335,5105 47,43765
335,5165 48,00024
335,5225 49,12157
335,5285 50,76304
335,5345 52,80243
335,5405 55,07618
335,5465 57,41609
335,5526 59,66973
335,5586 61,70295
335,5646 63,39339
335,5706 64,63164
335,5766 65,34401
335,5826 65,53652
335,5886 65,33742
335,5946 65,0042
335,6006 64,87296
335,6066 65,26086
335,6126 66,36526
335,6186 68,20936
335,6246 70,65826
335,6306 73,48895
335,6366 76,47179
335,6426 79,42459
335,6487 82,22533
335,6547 84,79625
335,6607 87,08249
335,6667 89,04319
335,6727 90,65814
335,6787 91,94142
335,6847 92,94959
335,6907 93,77704
335,6967 94,5394
335,7027 95,35289
335,7087 96,31886
335,7147 97,51822
335,7207 99,01357
335,7267 100,8513
335,7327 103,0566
335,7387 105,6213
335,7448 108,4918
335,7508 111,5679
335,7567 114,7188
335,7628 117,8146
335,7688 120,7602
335,7748 123,5137
335,7808 126,0765
335,7868 128,4587
335,7928 130,6408
335,7988 132,5608
335,8048 134,1426
335,8108 135,3557
335,8168 136,2757
335,8228 137,107
335,8288 138,1474
335,8348 139,6986
335,8409 141,9558
335,8468 144,9257
335,8528 148,4164
335,8589 152,1137
335,8649 155,7112
335,8709 159,0284
335,8769 162,0532
335,8829 164,8869
335,8889 167,6342
335,8949 170,3072
335,9009 172,8034
335,9069 174,9634
335,9129 176,6686
335,9189 177,923
335,9249 178,881
335,9309 179,8155
335,937 181,0432
335,9429 182,836
335,9489 185,3483
335,955 188,5868
335,961 192,4348
335,967 196,7211
335,973 201,3
335,979 206,0978
335,985 211,0987
335,991 216,276
335,997 221,5124
336,003 226,5615
336,009 231,0849
336,015 234,7532
336,021 237,3696
336,027 238,9596
336,033 239,7883
336,039 240,2985
336,045 240,9932
336,0511 242,3073
336,0571 244,5143
336,063 247,6997
336,0691 251,8023
336,0751 256,6919
336,0811 262,233
336,0871 268,2967
336,0931 274,7177
336,0991 281,2405
336,1051 287,5128
336,1111 293,162
336,1171 297,9311
336,1231 301,8014
336,1291 305,0271
336,1351 308,0523
336,1411 311,3459
336,1472 315,2383
336,1532 319,8305
336,1591 325,0051
336,1652 330,5148
336,1712 336,1003
336,1772 341,5873
336,1832 346,9402
336,1892 352,2631
336,1952 357,756
336,2012 363,6413
336,2072 370,0767
336,2132 377,0819
336,2192 384,498
336,2252 392,0006
336,2312 399,1715
336,2372 405,6192
336,2433 411,1106
336,2492 415,6612
336,2552 419,5367
336,2613 423,1569
336,2673 426,9487
336,2733 431,2194
336,2793 436,1057
336,2853 441,5981
336,2913 447,5998
336,2973 453,9712
336,3033 460,5483
336,3093 467,1549
336,3153 473,641
336,3213 479,946
336,3273 486,1521
336,3333 492,4821
336,3393 499,2244
336,3453 506,6151
336,3513 514,7364
336,3574 523,4843
336,3634 532,6226
336,3694 541,894
336,3754 551,1326
336,3814 560,3217
336,3874 569,5646
336,3934 578,9821
336,3994 588,59
336,4054 598,2285
336,4114 607,5928
336,4174 616,3616
336,4234 624,3621
336,4294 631,6867
336,4354 638,6978
336,4414 645,9137
336,4474 653,832
336,4535 662,7753
336,4595 672,8257
336,4655 683,8654
336,4715 695,6794
336,4775 708,0552
336,4835 720,8303
336,4895 733,8825
336,4955 747,0957
336,5015 760,3412
336,5075 773,4949
336,5135 786,4809
336,5195 799,3065
336,5255 812,0607
336,5315 824,8636
336,5375 837,7917
336,5435 850,8229
336,5496 863,8445
336,5555 876,7333
336,5616 889,4698
336,5676 902,215
336,5736 915,2907
336,5796 929,0538
336,5856 943,7212
336,5916 959,2352
336,5976 975,2465
336,6036 991,2321
336,6096 1006,698
336,6156 1021,369
336,6216 1035,291
336,6276 1048,796
336,6336 1062,376
336,6396 1076,517
336,6457 1091,578
336,6516 1107,718
336,6577 1124,901
336,6637 1142,909
336,6697 1161,402
336,6757 1179,992
336,6817 1198,367
336,6877 1216,402
336,6937 1234,229
336,6997 1252,187
336,7057 1270,658
336,7117 1289,879
336,7177 1309,815
336,7237 1330,174
336,7297 1350,547
336,7357 1370,597
336,7417 1390,202
336,7477 1409,488
336,7538 1428,763
336,7598 1448,391
336,7658 1468,655
336,7718 1489,685
336,7778 1511,432
336,7838 1533,715
336,7898 1556,309
336,7958 1579,043
336,8018 1601,892
336,8078 1624,999
336,8138 1648,605
336,8198 1672,905
336,8258 1697,883
336,8318 1723,243
336,8378 1748,493
336,8438 1773,183
336,8499 1797,181
336,8559 1820,84
336,8618 1844,941
336,8679 1870,425
336,8739 1898,021
336,8799 1927,956
336,8859 1959,887
336,8919 1993,058
336,8979 2026,605
336,9039 2059,828
336,9099 2092,319
336,9159 2123,922
336,9219 2154,622
336,9279 2184,449
336,9339 2213,462
336,9399 2241,783
336,946 2269,636
336,952 2297,327
336,9579 2325,186
336,964 2353,497
336,97 2382,451
336,976 2412,118
336,982 2442,438
336,988 2473,199
336,994 2504,047
337 2534,516
337,006 2564,13
337,012 2592,546
337,018 2619,698
337,024 2645,864
337,03 2671,629
337,036 2697,704
337,0421 2724,689
337,048 2752,861
337,054 2782,094
337,0601 2811,958
337,0661 2841,919
337,0721 2871,558
337,0781 2900,667
337,0841 2929,198
337,0901 2957,125
337,0961 2984,294
337,1021 3010,384
337,1081 3034,963
337,1141 3057,638
337,1201 3078,209
337,1261 3096,786
337,1321 3113,815
337,1382 3130,007
337,1441 3146,155
337,1501 3162,886
337,1562 3180,434
337,1622 3198,53
337,1682 3216,494
337,1742 3233,472
337,1802 3248,726
337,1862 3261,824
337,1922 3272,668
337,1982 3281,381
337,2042 3288,164
337,2102 3293,195
337,2162 3296,608
337,2222 3298,511
337,2282 3298,976
337,2342 3298,015
337,2402 3295,528
337,2462 3291,274
337,2523 3284,873
337,2583 3275,846
337,2643 3263,715
337,2703 3248,155
337,2763 3229,212
337,2823 3207,489
337,2883 3184,168
337,2943 3160,788
337,3003 3138,771
337,3063 3118,913
337,3123 3101,07
337,3183 3084,203
337,3243 3066,768
337,3303 3047,225
337,3363 3024,428
337,3423 2997,781
337,3484 2967,167
337,3543 2932,809
337,3604 2895,143
337,3664 2854,751
337,3724 2812,29
337,3784 2768,396
337,3844 2723,557
337,3904 2678,041
337,3964 2631,891
337,4024 2585,006
337,4084 2537,211
337,4144 2488,296
337,4204 2438,013
337,4264 2386,082
337,4324 2332,247
337,4384 2276,357
337,4445 2218,446
337,4504 2158,731
337,4565 2097,553
337,4625 2035,265
337,4685 1972,112
337,4745 1908,158
337,4805 1843,281
337,4865 1777,249
337,4925 1709,838
337,4985 1640,935
337,5045 1570,571
337,5105 1498,871
337,5165 1425,967
337,5225 1351,923
337,5285 1276,737
337,5345 1200,39
337,5405 1122,909
337,5465 1044,406
337,5526 965,048
337,5586 885,0062
337,5646 804,4036
337,5706 723,3095
337,5766 641,7848
337,5826 559,9542
337,5886 478,0569
337,5946 396,4339
337,6006 315,4434
337,6066 235,3372
337,6126 156,1521
337,6186 77,66791
337,6246 -0,5522592
337,6306 -79,06062
337,6366 -158,4019
337,6426 -239,0044
337,6487 -321,1012
337,6547 -404,6837
337,6607 -489,4944
337,6667 -575,0684
337,6727 -660,832
337,6787 -746,2441
337,6847 -830,9334
337,6907 -914,7772
337,6967 -997,8862
337,7027 -1080,508
337,7087 -1162,9
337,7147 -1245,234
337,7207 -1327,557
337,7267 -1409,81
337,7327 -1491,862
337,7387 -1573,542
337,7448 -1654,648
337,7508 -1734,963
337,7567 -1814,266
337,7628 -1892,381
337,7688 -1969,212
337,7748 -2044,771
337,7808 -2119,162
337,7868 -2192,534
337,7928 -2265,006
337,7988 -2336,622
337,8048 -2407,339
337,8108 -2477,044
337,8168 -2545,584
337,8228 -2612,784
337,8288 -2678,471
337,8348 -2742,506
337,8409 -2804,836
337,8468 -2865,515
337,8528 -2924,663
337,8589 -2982,368
337,8649 -3038,565
337,8709 -3092,963
337,8769 -3145,074
337,8829 -3194,337
337,8889 -3240,279
337,8949 -3282,662
337,9009 -3321,542
337,9069 -3357,246
337,9129 -3390,302
337,9189 -3421,362
337,9249 -3451,144
337,9309 -3480,355
337,937 -3509,567
337,9429 -3539,038
337,9489 -3568,564
337,955 -3597,434
337,961 -3624,576
337,967 -3648,825
337,973 -3669,229
337,979 -3685,241
337,985 -3696,762
337,991 -3704,047
337,997 -3707,549
338,003 -3707,78
338,009 -3705,226
338,015 -3700,313
338,021 -3693,378
338,027 -3684,654
338,033 -3674,23
338,039 -3662,059
338,045 -3648,003
338,0511 -3631,924
338,0571 -3613,77
338,063 -3593,593
338,0691 -3571,499
338,0751 -3547,551
338,0811 -3521,728
338,0871 -3494
338,0931 -3464,491
338,0991 -3433,628
338,1051 -3402,152
338,1111 -3370,943
338,1171 -3340,713
338,1231 -3311,736
338,1291 -3283,743
338,1351 -3256,037
338,1411 -3227,76
338,1472 -3198,179
338,1532 -3166,877
338,1591 -3133,791
338,1652 -3099,137
338,1712 -3063,292
338,1772 -3026,684
338,1832 -2989,717
338,1892 -2952,72
338,1952 -2915,901
338,2012 -2879,298
338,2072 -2842,783
338,2132 -2806,111
338,2192 -2769,033
338,2252 -2731,407
338,2312 -2693,254
338,2372 -2654,719
338,2433 -2615,969
338,2492 -2577,084
338,2552 -2538,015
338,2613 -2498,649
338,2673 -2458,944
338,2733 -2419,066
338,2793 -2379,428
338,2853 -2340,599
338,2913 -2303,099
338,2973 -2267,207
338,3033 -2232,871
338,3093 -2199,769
338,3153 -2167,461
338,3213 -2135,534
338,3273 -2103,665
338,3333 -2071,613
338,3393 -2039,206
338,3453 -2006,394
338,3513 -1973,347
338,3574 -1940,495
338,3634 -1908,443
338,3694 -1877,748
338,3754 -1848,682
338,3814 -1821,122
338,3874 -1794,643
338,3934 -1768,737
338,3994 -1743,038
338,4054 -1717,41
338,4114 -1691,894
338,4174 -1666,591
338,4234 -1641,56
338,4294 -1616,805
338,4354 -1592,309
338,4414 -1568,092
338,4474 -1544,225
338,4535 -1520,823
338,4595 -1498,005
338,4655 -1475,854
338,4715 -1454,384
338,4775 -1433,529
338,4835 -1413,163
338,4895 -1393,142
338,4955 -1373,365
338,5015 -1353,79
338,5075 -1334,417
338,5135 -1315,231
338,5195 -1296,173
338,5255 -1277,151
338,5315 -1258,114
338,5375 -1239,115
338,5435 -1220,314
338,5496 -1201,901
338,5555 -1183,99
338,5616 -1166,556
338,5676 -1149,451
338,5736 -1132,484
338,5796 -1115,506
338,5856 -1098,446
338,5916 -1081,31
338,5976 -1064,161
338,6036 -1047,106
338,6096 -1030,291
338,6156 -1013,884
338,6216 -998,0489
338,6276 -982,929
338,6336 -968,6372
338,6396 -955,2564
338,6457 -942,824
338,6516 -931,3002
338,6577 -920,5338
338,6637 -910,252
338,6697 -900,0862
338,6757 -889,6306
338,6817 -878,5164
338,6877 -866,4956
338,6937 -853,5242
338,6997 -839,826
338,7057 -825,8991
338,7117 -812,4233
338,7177 -800,0667
338,7237 -789,2438
338,7297 -779,9313
338,7357 -771,6406
338,7417 -763,5814
338,7477 -754,9551
338,7538 -745,2476
338,7598 -734,3907
338,7658 -722,7271
338,7718 -710,8134
338,7778 -699,1662
338,7838 -688,0719
338,7898 -677,5374
338,7958 -667,3843
338,8018 -657,4238
338,8078 -647,6159
338,8138 -638,1325
338,8198 -629,2913
338,8258 -621,395
338,8318 -614,5565
338,8378 -608,5995
338,8438 -603,0863
338,8499 -597,4615
338,8559 -591,2498
338,8618 -584,2236
338,8679 -576,4753
338,8739 -568,3688
338,8799 -560,395
338,8859 -552,9909
338,8919 -546,3933
338,8979 -540,58
338,9039 -535,3137
338,9099 -530,2562
338,9159 -525,1001
338,9219 -519,6585
338,9279 -513,8899
338,9339 -507,8623
338,9399 -501,6899
338,946 -495,4744
338,952 -489,2726
338,9579 -483,095
338,964 -476,9311
338,97 -470,7884
338,976 -464,7284
338,982 -458,8775
338,988 -453,3969
338,994 -448,4216
339 -443,9961
339,006 -440,0443
339,012 -436,3875
339,018 -432,7998
339,024 -429,0729
339,03 -425,0628
339,036 -420,7047
339,0421 -415,9987
339,048 -410,9775
339,054 -405,6799
339,0601 -400,1508
339,0661 -394,4697
339,0721 -388,7814
339,0781 -383,289
339,0841 -378,1912
339,0901 -373,5918
339,0961 -369,4385
339,1021 -365,5361
339,1081 -361,629
339,1141 -357,502
339,1201 -353,0421
339,1261 -348,2402
339,1321 -343,152
339,1382 -337,8577
339,1441 -332,4426
339,1501 -327,0007
339,1562 -321,6503
339,1622 -316,5478
339,1682 -311,8885
339,1742 -307,8813
339,1802 -304,692
339,1862 -302,3714
339,1922 -300,7998
339,1982 -299,6845
339,2042 -298,6231
339,2102 -297,2144
339,2162 -295,1764
339,2222 -292,4243
339,2282 -289,0808
339,2342 -285,4142
339,2402 -281,7339
339,2462 -278,2877
339,2523 -275,2008
339,2583 -272,472
339,2643 -270,0112
339,2703 -267,6883
339,2763 -265,372
339,2823 -262,9527
339,2883 -260,3592
339,2943 -257,5725
339,3003 -254,633
339,3063 -251,6301
339,3123 -248,6739
339,3183 -245,8575
339,3243 -243,2281
339,3303 -240,7811
339,3363 -238,4753
339,3423 -236,259
339,3484 -234,0894
339,3543 -231,9388
339,3604 -229,7908
339,3664 -227,6334
339,3724 -225,4534
339,3784 -223,2285
339,3844 -220,9193
339,3904 -218,47
339,3964 -215,8284
339,4024 -212,9883
339,4084 -210,0324
339,4144 -207,1425
339,4204 -204,5533
339,4264 -202,457
339,4324 -200,9036
339,4384 -199,7555
339,4445 -198,7332
339,4504 -197,5398
339,4565 -196,0017
339,4625 -194,1465
339,4685 -192,1686
339,4745 -190,2979
339,4805 -188,6451
339,4865 -187,1167
339,4925 -185,4537
339,4985 -183,373
339,5045 -180,7354
339,5105 -177,6456
339,5165 -174,431
339,5225 -171,5128
339,5285 -169,239
339,5345 -167,7604
339,5405 -167,0045
339,5465 -166,7421
339,5526 -166,7001
339,5586 -166,6599
339,5646 -166,5033
339,5706 -166,2009
339,5766 -165,7659
339,5826 -165,2046
339,5886 -164,4892
339,5946 -163,5656
339,6006 -162,3923
339,6066 -160,9866
339,6126 -159,4431
339,6186 -157,9021
339,6246 -156,4755
339,6306 -155,1774
339,6366 -153,9112
339,6426 -152,5355
339,6487 -150,9702
339,6547 -149,274
339,6607 -147,6339
339,6667 -146,2698
339,6727 -145,3111
339,6787 -144,7231
339,6847 -144,3238
339,6907 -143,8728
339,6967 -143,1729
339,7027 -142,1304
339,7087 -140,7589
339,7147 -139,1457
339,7207 -137,4141
339,7267 -135,6934
339,7327 -134,0945
339,7387 -132,684
339,7448 -131,4649
339,7508 -130,3766
339,7567 -129,3253
339,7628 -128,231
339,7688 -127,0674
339,7748 -125,8704
339,7808 -124,7099
339,7868 -123,6375
339,7928 -122,6389
339,7988 -121,6172
339,8048 -120,4193
339,8108 -118,8999
339,8168 -116,995
339,8228 -114,7725
339,8288 -112,4354
339,8348 -110,271
339,8409 -108,5646
339,8468 -107,5076
339,8528 -107,1313
339,8589 -107,2923
339,8649 -107,7148
339,8709 -108,077
339,8769 -108,111
339,8829 -107,6774
339,8889 -106,7879
339,8949 -105,5679
339,9009 -104,181
339,9069 -102,7479
339,9129 -101,3019
339,9189 -99,79897
339,9249 -98,17599
339,9309 -96,41773
339,937 -94,59133
339,9429 -92,82744
339,9489 -91,26427
339,955 -89,99246
339,961 -89,03154
339,967 -88,33989
339,973 -87,83631
339,979 -87,41132
339,985 -86,92714
339,991 -86,22549
339,997 -85,16103
340,003 -83,65687
340,009 -81,75488
340,015 -79,62978
340,021 -77,55424
340,027 -75,82697
340,033 -74,69032
340,039 -74,26289
340,045 -74,50562
340,0511 -75,2331
340,0571 -76,17253
340,063 -77,05503
340,0691 -77,70327
340,0751 -78,07293
340,0811 -78,22552
340,0871 -78,24921
340,0931 -78,17571
340,0991 -77,94218
340,1051 -77,41784
340,1111 -76,47651
340,1171 -75,07401
340,1231 -73,29355
340,1291 -71,34224
340,1351 -69,50346
340,1411 -68,06313
340,1472 -67,23241
340,1532 -67,08989
340,1591 -67,56132
340,1652 -68,44415
340,1712 -69,46678
340,1772 -70,35822
340,1832 -70,90012
340,1892 -70,94644
340,1952 -70,4161
340,2012 -69,2802
340,2072 -67,56286
340,2132 -65,35611
340,2192 -62,82927
340,2252 -60,20951
340,2312 -57,7302
340,2372 -55,57119
340,2433 -53,82663
340,2492 -52,51754
340,2552 -51,63211
340,2613 -51,15551
340,2673 -51,06386
340,2733 -51,29374
340,2793 -51,72513
340,2853 -52,20724
340,2913 -52,61851
340,2973 -52,91873
340,3033 -53,15337
340,3093 -53,40457
340,3153 -53,72138
340,3213 -54,07312
340,3273 -54,35067
340,3333 -54,41048
340,3393 -54,13555
340,3453 -53,48506
340,3513 -52,51294
340,3574 -51,34971
340,3634 -50,15667
340,3694 -49,07389
340,3754 -48,18702
340,3814 -47,52581
340,3874 -47,0864
340,3934 -46,8526
340,3994 -46,79438
340,4054 -46,84349
340,4114 -46,86915
340,4174 -46,68375
340,4234 -46,09006
340,4294 -44,95274
340,4354 -43,25626
340,4414 -41,11538
340,4474 -38,732
340,4535 -36,32531
340,4595 -34,07671
340,4655 -32,11519
340,4715 -30,53413
340,4775 -29,40601
340,4835 -28,76956
340,4895 -28,59631
340,4955 -28,77155
340,5015 -29,12085
340,5075 -29,47941
340,5135 -29,766
340,5195 -30,01436
340,5255 -30,34156
340,5315 -30,873
340,5375 -31,67033
340,5435 -32,70291
340,5496 -33,87413
340,5555 -35,07994
340,5616 -36,26101
340,5676 -37,4162
340,5736 -38,57042
340,5796 -39,71735
340,5856 -40,77444
340,5916 -41,58196
340,5976 -41,95134
340,6036 -41,73742
340,6096 -40,89309
340,6156 -39,47746
340,6216 -37,61913
340,6276 -35,46408
340,6336 -33,14241
340,6396 -30,76791
340,6457 -28,45716
340,6516 -26,33996
340,6577 -24,54363
340,6637 -23,15749
340,6697 -22,20341
340,6757 -21,63521
340,6817 -21,36867
340,6877 -21,32258
340,6937 -21,44679
340,6997 -21,72607
340,7057 -22,16535
340,7117 -22,76717
340,7177 -23,50847
340,7237 -24,32034
340,7297 -25,07942
340,7357 -25,62484
340,7417 -25,8075
340,7477 -25,55702
340,7538 -24,93014
340,7598 -24,10354
340,7658 -23,30218
340,7718 -22,69559
340,7778 -22,32125
340,7838 -22,08323
340,7898 -21,82868
340,7958 -21,45347
340,8018 -20,96769
340,8078 -20,47891
340,8138 -20,10709
340,8198 -19,89035
340,8258 -19,74476
340,8318 -19,50479
340,8378 -19,02112
340,8438 -18,26139
340,8499 -17,36026
340,8559 -16,59159
340,8618 -16,271
340,8679 -16,62603
340,8739 -17,68501
340,8799 -19,23143
340,8859 -20,84801
340,8919 -22,04194
340,8979 -22,40838
340,9039 -21,76875
340,9099 -20,22511
340,9159 -18,10672
340,9219 -15,83502
340,9279 -13,77258
340,9339 -12,12387
340,9399 -10,91942
340,946 -10,06643
340,952 -9,420816
340,9579 -8,842247
340,964 -8,220735
340,97 -7,48553
340,976 -6,609461
340,982 -5,611294
340,988 -4,550068
340,994 -3,507438
341 -2,562862