335 -12,16104
335,006 -17,35008
335,012 -20,83039
335,018 -22,2207
335,024 -22,2313
335,03 -21,28523
335,036 -18,75359
335,0421 -13,81322
335,048 -6,748806
335,054 1,034945
335,0601 8,211672
335,0661 14,2234
335,0721 18,71531
335,0781 21,01062
335,0841 20,73917
335,0901 18,77576
335,0961 17,1792
335,1021 18,19962
335,1081 23,12471
335,1141 31,43097
335,1201 40,88755
335,1261 49,08099
335,1321 55,13878
335,1382 59,72041
335,1441 63,55212
335,1501 66,71262
335,1562 69,44797
335,1622 72,90084
335,1682 78,3516
335,1742 85,73734
335,1802 93,31084
335,1862 99,06384
335,1922 102,5057
335,1982 104,9462
335,2042 108,0731
335,2102 112,4323
335,2162 117,4076
335,2222 122,4121
335,2282 127,4992
335,2342 132,673
335,2402 137,3353
335,2462 140,9501
335,2523 143,8795
335,2583 147,2745
335,2643 152,4061
335,2703 159,9103
335,2763 169,0352
335,2823 177,7421
335,2883 184,2203
335,2943 188,3704
335,3003 191,5681
335,3063 195,3096
335,3123 200,3288
335,3183 206,4088
335,3243 212,4863
335,3303 217,3237
335,3363 220,5451
335,3423 222,8435
335,3484 225,272
335,3543 228,987
335,3604 235,4392
335,3664 245,368
335,3724 257,045
335,3784 266,7756
335,3844 272,2725
335,3904 275,0819
335,3964 278,986
335,4024 286,4854
335,4084 297,4013
335,4144 310,0566
335,4204 322,5206
335,4264 332,9322
335,4324 340,0299
335,4384 344,0021
335,4445 346,4343
335,4504 349,3351
335,4565 354,3515
335,4625 362,2238
335,4685 372,107
335,4745 381,8008
335,4805 389,5932
335,4865 395,8065
335,4925 401,9499
335,4985 408,7289
335,5045 415,6779
335,5105 422,4334
335,5165 429,3019
335,5225 436,4372
335,5285 443,3893
335,5345 449,9637
335,5405 457,0005
335,5465 465,7088
335,5526 476,2906
335,5586 487,6338
335,5646 498,5855
335,5706 509,312
335,5766 520,9495
335,5826 533,8624
335,5886 546,8193
335,5946 558,2248
335,6006 567,666
335,6066 575,8641
335,6126 583,7014
335,6186 591,8403
335,6246 600,7308
335,6306 610,3221
335,6366 620,1348
335,6426 630,077
335,6487 640,7008
335,6547 652,2159
335,6607 663,8039
335,6667 674,4131
335,6727 683,7761
335,6787 692,2737
335,6847 700,4486
335,6907 709,2113
335,6967 719,8873
335,7027 733,1964
335,7087 748,317
335,7147 763,5253
335,7207 777,7495
335,7267 791,0993
335,7327 803,9148
335,7387 816,0105
335,7448 827,356
335,7508 838,9338
335,7567 852,0144
335,7628 866,564
335,7688 880,9384
335,7748 893,3584
335,7808 903,6528
335,7868 913,5859
335,7928 925,3152
335,7988 939,3086
335,8048 953,9294
335,8108 967,2765
335,8168 979,2059
335,8228 991,3063
335,8288 1005,102
335,8348 1020,579
335,8409 1036,474
335,8468 1051,844
335,8528 1067,221
335,8589 1083,999
335,8649 1102,729
335,8709 1122,409
335,8769 1141,635
335,8829 1159,986
335,8889 1177,867
335,8949 1195,29
335,9009 1211,446
335,9069 1225,746
335,9129 1239,047
335,9189 1253,406
335,9249 1270,284
335,9309 1289,22
335,937 1308,565
335,9429 1327,113
335,9489 1344,578
335,955 1361,063
335,961 1377,061
335,967 1393,831
335,973 1412,713
335,979 1433,707
335,985 1455,322
335,991 1476,155
335,997 1496,209
336,003 1516,498
336,009 1537,888
336,015 1560,61
336,021 1584,466
336,027 1609,108
336,033 1634,129
336,039 1659,088
336,045 1683,621
336,0511 1707,589
336,0571 1731,113
336,063 1754,458
336,0691 1777,851
336,0751 1801,404
336,0811 1825,333
336,0871 1850,29
336,0931 1877,201
336,0991 1906,441
336,1051 1937,142
336,1111 1967,447
336,1171 1995,59
336,1231 2021,1
336,1291 2045,209
336,1351 2069,963
336,1411 2096,76
336,1472 2125,779
336,1532 2156,571
336,1591 2188,597
336,1652 2221,015
336,1712 2252,667
336,1772 2283,079
336,1832 2313,222
336,1892 2344,597
336,1952 2377,708
336,2012 2412,098
336,2072 2447,721
336,2132 2485,264
336,2192 2524,826
336,2252 2565,096
336,2312 2604,332
336,2372 2641,606
336,2433 2676,819
336,2492 2710,204
336,2552 2742,594
336,2613 2775,897
336,2673 2812,442
336,2733 2853,384
336,2793 2897,877
336,2853 2943,96
336,2913 2990,125
336,2973 3035,998
336,3033 3081,908
336,3093 3128,136
336,3153 3174,438
336,3213 3220,115
336,3273 3264,727
336,3333 3308,94
336,3393 3354,316
336,3453 3401,781
336,3513 3450,368
336,3574 3498,047
336,3634 3543,94
336,3694 3589,472
336,3754 3637,335
336,3814 3689,375
336,3874 3745,187
336,3934 3802,555
336,3994 3859,543
336,4054 3916,202
336,4114 3974,015
336,4174 4033,934
336,4234 4095,522
336,4294 4157,849
336,4354 4220,557
336,4414 4283,989
336,4474 4348,686
336,4535 4414,884
336,4595 4482,374
336,4655 4550,924
336,4715 4620,813
336,4775 4692,721
336,4835 4767,08
336,4895 4843,54
336,4955 4920,8
336,5015 4996,986
336,5075 5070,817
336,5135 5142,894
336,5195 5215,622
336,5255 5291,459
336,5315 5371,201
336,5375 5453,958
336,5435 5538,358
336,5496 5623,4
336,5555 5708,713
336,5616 5794,752
336,5676 5882,599
336,5736 5972,949
336,5796 6065,239
336,5856 6158,118
336,5916 6250,859
336,5976 6344,248
336,6036 6440,045
336,6096 6539,573
336,6156 6642,652
336,6216 6747,786
336,6276 6853,354
336,6336 6958,765
336,6396 7064,761
336,6457 7173,039
336,6516 7285,584
336,6577 7403,493
336,6637 7525,68
336,6697 7649,138
336,6757 7771,252
336,6817 7891,846
336,6877 8012,701
336,6937 8135,409
336,6997 8259,981
336,7057 8385,272
336,7117 8510,301
336,7177 8635,097
336,7237 8760,58
336,7297 8887,986
336,7357 9018,332
336,7417 9152,034
336,7477 9288,863
336,7538 9428,521
336,7598 9571,454
336,7658 9718,82
336,7718 9871,065
336,7778 10026,66
336,7838 10182,93
336,7898 10338,26
336,7958 10492,87
336,8018 10647,6
336,8078 10802,9
336,8138 10959,48
336,8198 11118,77
336,8258 11282,05
336,8318 11449,34
336,8378 11619,83
336,8438 11792,89
336,8499 11968,03
336,8559 12144,32
336,8618 12321,02
336,8679 12498,35
336,8739 12677,2
336,8799 12858,11
336,8859 13040,98
336,8919 13225
336,8979 13408,25
336,9039 13588,38
336,9099 13764,42
336,9159 13938,15
336,9219 14113,17
336,9279 14292,59
336,9339 14477,47
336,9399 14666,76
336,946 14858,23
336,952 15050,1
336,9579 15242,66
336,964 15437,81
336,97 15636,33
336,976 15835,83
336,982 16032,06
336,988 16222,19
336,994 16406,55
337 16587,63
337,006 16768,04
337,012 16949,66
337,018 17133,18
337,024 17317,9
337,03 17502,35
337,036 17685,3
337,0421 17866,07
337,048 18044,27
337,054 18219,92
337,0601 18393,06
337,0661 18562,43
337,0721 18725,76
337,0781 18881,83
337,0841 19031,93
337,0901 19178,61
337,0961 19323,46
337,1021 19466,67
337,1081 19608,01
337,1141 19747,52
337,1201 19884,54
337,1261 20016,69
337,1321 20140,93
337,1382 20255,69
337,1441 20361,84
337,1501 20461,13
337,1562 20554,07
337,1622 20639,19
337,1682 20714,31
337,1742 20778,65
337,1802 20833,6
337,1862 20881,27
337,1922 20922,42
337,1982 20956,4
337,2042 20982,73
337,2102 21001,71
337,2162 21013,32
337,2222 21016,87
337,2282 21011,67
337,2342 20997,46
337,2402 20974,17
337,2462 20941,69
337,2523 20899,46
337,2583 20845,92
337,2643 20778,48
337,2703 20695
337,2763 20595,76
337,2823 20483,65
337,2883 20362,03
337,2943 20232,47
337,3003 20094,75
337,3063 19948,45
337,3123 19793,54
337,3183 19629,31
337,3243 19453,63
337,3303 19263,92
337,3363 19058,79
337,3423 18838,66
337,3484 18605,33
337,3543 18361,52
337,3604 18109,94
337,3664 17851,98
337,3724 17586,87
337,3784 17312,51
337,3844 17027,07
337,3904 16729,53
337,3964 16418,88
337,4024 16093,86
337,4084 15754,04
337,4144 15400,79
337,4204 15036,45
337,4264 14662,62
337,4324 14279,53
337,4384 13886,75
337,4445 13484,08
337,4504 13072,18
337,4565 12652,68
337,4625 12227,7
337,4685 11798,97
337,4745 11366,91
337,4805 10930,24
337,4865 10486,5
337,4925 10033,06
337,4985 9568,268
337,5045 9092,418
337,5105 8607,94
337,5165 8118,267
337,5225 7625,988
337,5285 7131,551
337,5345 6633,563
337,5405 6130,856
337,5465 5624,512
337,5526 5117,15
337,5586 4609,961
337,5646 4101,232
337,5706 3588,203
337,5766 3070,16
337,5826 2549,846
337,5886 2032,125
337,5946 1520,782
337,6006 1015,902
337,6066 513,8574
337,6126 9,48849
337,6186 -501,304
337,6246 -1019,899
337,6306 -1544,932
337,6366 -2073,799
337,6426 -2604,258
337,6487 -3134,864
337,6547 -3664,737
337,6607 -4193,785
337,6667 -4722,98
337,6727 -5253,496
337,6787 -5785,173
337,6847 -6316,31
337,6907 -6845,377
337,6967 -7372,529
337,7027 -7898,953
337,7087 -8424,965
337,7147 -8949,16
337,7207 -9469,193
337,7267 -9983,003
337,7327 -10489,45
337,7387 -10988,3
337,7448 -11480,25
337,7508 -11967,27
337,7567 -12452,5
337,7628 -12938,67
337,7688 -13425,93
337,7748 -13911,26
337,7808 -14390,6
337,7868 -14861,31
337,7928 -15322,64
337,7988 -15774,17
337,8048 -16214,54
337,8108 -16642,12
337,8168 -17056,46
337,8228 -17458,86
337,8288 -17851
337,8348 -18233,21
337,8409 -18604,79
337,8468 -18965,75
337,8528 -19317,51
337,8589 -19661,38
337,8649 -19996,65
337,8709 -20320,25
337,8769 -20627,88
337,8829 -20916,01
337,8889 -21183,65
337,8949 -21432,32
337,9009 -21664,37
337,9069 -21881,32
337,9129 -22083,41
337,9189 -22270,8
337,9249 -22444,69
337,9309 -22606,45
337,937 -22755,96
337,9429 -22892,03
337,9489 -23014,01
337,955 -23121,74
337,961 -23214,19
337,967 -23289,14
337,973 -23344,38
337,979 -23379,37
337,985 -23396,27
337,991 -23398,85
337,997 -23390,29
338,003 -23371,56
338,009 -23340,85
338,015 -23294,71
338,021 -23230,52
338,027 -23148,54
338,033 -23052,44
338,039 -22947,61
338,045 -22838,12
338,0511 -22724,53
338,0571 -22604,59
338,063 -22475,53
338,0691 -22335,62
338,0751 -22184,67
338,0811 -22023,84
338,0871 -21855,05
338,0931 -21680,41
338,0991 -21501,19
338,1051 -21316,6
338,1111 -21123,89
338,1171 -20920,34
338,1231 -20705,28
338,1291 -20480,57
338,1351 -20249,59
338,1411 -20016,02
338,1472 -19782,9
338,1532 -19551,68
338,1591 -19321,6
338,1652 -19090,2
338,1712 -18855,24
338,1772 -18616,39
338,1832 -18375,59
338,1892 -18135,7
338,1952 -17898,17
338,2012 -17661,69
338,2072 -17424
338,2132 -17184,99
338,2192 -16946,98
338,2252 -16711,52
338,2312 -16477,37
338,2372 -16242,33
338,2433 -16006,07
338,2492 -15770,42
338,2552 -15537,8
338,2613 -15309,88
338,2673 -15087,13
338,2733 -14868,88
338,2793 -14653,58
338,2853 -14439,3
338,2913 -14224,17
338,2973 -14007,13
338,3033 -13788,9
338,3093 -13572,07
338,3153 -13359,4
338,3213 -13151,83
338,3273 -12948,12
338,3333 -12746,63
338,3393 -12547,29
338,3453 -12352,03
338,3513 -12162,79
338,3574 -11979,03
338,3634 -11797,88
338,3694 -11616,92
338,3754 -11436,25
338,3814 -11257,92
338,3874 -11083,59
338,3934 -10913,11
338,3994 -10745,05
338,4054 -10578,25
338,4114 -10412,6
338,4174 -10248,89
338,4234 -10088,09
338,4294 -9930,847
338,4354 -9777,439
338,4414 -9627,917
338,4474 -9482,073
338,4535 -9339,164
338,4595 -9198,107
338,4655 -9058,113
338,4715 -8919,031
338,4775 -8781,248
338,4835 -8645,318
338,4895 -8511,551
338,4955 -8380,041
338,5015 -8251,095
338,5075 -8125,06
338,5135 -8001,394
338,5195 -7878,523
338,5255 -7755,312
338,5315 -7632,578
338,5375 -7512,686
338,5435 -7397,603
338,5496 -7287,601
338,5555 -7181,626
338,5616 -7078,251
338,5676 -6976,138
338,5736 -6874,246
338,5796 -6772,131
338,5856 -6670,127
338,5916 -6569,061
338,5976 -6469,517
338,6036 -6371,412
338,6096 -6274,674
338,6156 -6180,278
338,6216 -6089,87
338,6276 -6004,158
338,6336 -5922,231
338,6396 -5842,486
338,6457 -5763,584
338,6516 -5684,4
338,6577 -5603,847
338,6637 -5521,542
338,6697 -5438,731
338,6757 -5357,963
338,6817 -5281,34
338,6877 -5209,042
338,6937 -5139,626
338,6997 -5071,277
338,7057 -5002,398
338,7117 -4931,587
338,7177 -4858,216
338,7237 -4783,458
338,7297 -4710,152
338,7357 -4641,1
338,7417 -4577,416
338,7477 -4518,31
338,7538 -4461,977
338,7598 -4406,71
338,7658 -4351,706
338,7718 -4297,103
338,7778 -4243,277
338,7838 -4190,15
338,7898 -4137,167
338,7958 -4083,714
338,8018 -4029,493
338,8078 -3974,812
338,8138 -3920,742
338,8198 -3868,571
338,8258 -3818,629
338,8318 -3769,755
338,8378 -3720,247
338,8438 -3669,375
338,8499 -3617,943
338,8559 -3567,463
338,8618 -3518,895
338,8679 -3472,112
338,8739 -3426,402
338,8799 -3381,51
338,8859 -3338,224
338,8919 -3297,636
338,8979 -3259,56
338,9039 -3222,066
338,9099 -3183,118
338,9159 -3142,651
338,9219 -3102,789
338,9279 -3065,894
338,9339 -3032,264
338,9399 -2999,654
338,946 -2965,212
338,952 -2927,915
338,9579 -2889,093
338,964 -2851,071
338,97 -2815,822
338,976 -2784,381
338,982 -2756,298
338,988 -2729,31
338,994 -2700,404
339 -2668,137
339,006 -2633,95
339,012 -2600,839
339,018 -2570,755
339,024 -2543,336
339,03 -2516,717
339,036 -2489,133
339,0421 -2459,938
339,048 -2429,541
339,054 -2398,828
339,0601 -2368,86
339,0661 -2340,786
339,0721 -2315,39
339,0781 -2292,436
339,0841 -2270,513
339,0901 -2247,595
339,0961 -2222,09
339,1021 -2194,015
339,1081 -2165,3
339,1141 -2138,438
339,1201 -2114,581
339,1261 -2093,054
339,1321 -2072,551
339,1382 -2052,207
339,1441 -2031,478
339,1501 -2009,613
339,1562 -1985,907
339,1622 -1960,568
339,1682 -1935,102
339,1742 -1911,56
339,1802 -1891,185
339,1862 -1873,571
339,1922 -1856,915
339,1982 -1839,077
339,2042 -1818,783
339,2102 -1796,325
339,2162 -1773,293
339,2222 -1751,499
339,2282 -1731,847
339,2342 -1713,854
339,2402 -1696,114
339,2462 -1677,495
339,2523 -1658,2
339,2583 -1639,711
339,2643 -1623,633
339,2703 -1610,448
339,2763 -1599,063
339,2823 -1587,408
339,2883 -1573,826
339,2943 -1558,238
339,3003 -1541,845
339,3063 -1525,605
339,3123 -1509,34
339,3183 -1492,462
339,3243 -1474,982
339,3303 -1457,379
339,3363 -1439,979
339,3423 -1423,072
339,3484 -1407,272
339,3543 -1392,973
339,3604 -1379,465
339,3664 -1365,361
339,3724 -1350,09
339,3784 -1334,428
339,3844 -1319,447
339,3904 -1305,519
339,3964 -1292,471
339,4024 -1280,181
339,4084 -1268,844
339,4144 -1258,907
339,4204 -1250,65
339,4264 -1243,547
339,4324 -1236,09
339,4384 -1226,546
339,4445 -1214
339,4504 -1198,782
339,4565 -1182,085
339,4625 -1165,34
339,4685 -1149,718
339,4745 -1135,757
339,4805 -1123,309
339,4865 -1112,081
339,4925 -1102,107
339,4985 -1093,309
339,5045 -1084,798
339,5105 -1075,25
339,5165 -1063,936
339,5225 -1051,079
339,5285 -1037,519
339,5345 -1024,442
339,5405 -1013,002
339,5465 -1003,664
339,5526 -995,9327
339,5586 -988,853
339,5646 -981,5884
339,5706 -973,4728
339,5766 -964,014
339,5826 -953,3791
339,5886 -942,6442
339,5946 -932,8792
339,6006 -923,9076
339,6066 -914,536
339,6126 -904,1619
339,6186 -893,6879
339,6246 -884,6234
339,6306 -877,5735
339,6366 -871,7695
339,6426 -865,8184
339,6487 -858,7435
339,6547 -850,5585
339,6607 -842,1606
339,6667 -834,579
339,6727 -827,9991
339,6787 -821,4659
339,6847 -813,7385
339,6907 -804,4388
339,6967 -794,2508
339,7027 -784,2248
339,7087 -775,1884
339,7147 -767,5611
339,7207 -761,2253
339,7267 -755,5603
339,7327 -749,8717
339,7387 -743,8298
339,7448 -737,4915
339,7508 -731,0403
339,7567 -724,5132
339,7628 -717,6708
339,7688 -710,1689
339,7748 -701,9305
339,7808 -693,3179
339,7868 -684,9301
339,7928 -677,2847
339,7988 -670,6591
339,8048 -665,1106
339,8108 -660,5522
339,8168 -656,7445
339,8228 -653,1699
339,8288 -649,0071
339,8348 -643,4376
339,8409 -636,087
339,8468 -627,2566
339,8528 -617,9562
339,8589 -609,6718
339,8649 -603,4995
339,8709 -599,0435
339,8769 -594,4486
339,8829 -588,0461
339,8889 -580,1059
339,8949 -572,7477
339,9009 -567,846
339,9069 -564,9849
339,9129 -561,7498
339,9189 -556,11
339,9249 -548,1741
339,9309 -539,6545
339,937 -532,3525
339,9429 -527,3875
339,9489 -524,9745
339,955 -524,1962
339,961 -523,3579
339,967 -521,0823
339,973 -516,9599
339,979 -511,1471
339,985 -503,8344
339,991 -495,3617
339,997 -486,4978
340,003 -478,2701
340,009 -471,5208
340,015 -466,5078
340,021 -462,603
340,027 -458,4355
340,033 -452,8487
340,039 -445,9317
340,045 -438,8736
340,0511 -432,838
340,0571 -428,2458
340,063 -424,8406
340,0691 -421,7973
340,0751 -417,9316
340,0811 -412,6561
340,0871 -406,9371
340,0931 -402,6979
340,0991 -400,9732
340,1051 -400,9046
340,1111 -400,5139
340,1171 -398,145
340,1231 -393,4423
340,1291 -387,6009
340,1351 -382,6463
340,1411 -379,8711
340,1472 -378,7177
340,1532 -377,3047
340,1591 -374,1347
340,1652 -369,4001
340,1712 -364,6626
340,1772 -361,145
340,1832 -358,4482
340,1892 -355,2231
340,1952 -350,8589
340,2012 -345,9948
340,2072 -341,5478
340,2132 -337,8305
340,2192 -334,5207
340,2252 -330,8875
340,2312 -326,07
340,2372 -319,824
340,2433 -313,2857
340,2492 -308,5426
340,2552 -306,9435
340,2613 -307,7099
340,2673 -308,2392
340,2733 -305,8583
340,2793 -299,5734
340,2853 -290,4788
340,2913 -280,6382
340,2973 -271,5469
340,3033 -263,5132
340,3093 -256,2043
340,3153 -249,4991
340,3213 -243,8429
340,3273 -239,988
340,3333 -238,3622
340,3393 -238,5056
340,3453 -239,1449
340,3513 -238,9818
340,3574 -237,4746
340,3634 -234,9333
340,3694 -232,0683
340,3754 -229,5034
340,3814 -227,4717
340,3874 -225,7061
340,3934 -223,642
340,3994 -220,9514
340,4054 -218,0717
340,4114 -216,1718
340,4174 -216,2651
340,4234 -218,0173
340,4294 -219,4554
340,4354 -218,1708
340,4414 -213,1536
340,4474 -205,7429
340,4535 -198,8161
340,4595 -194,5837
340,4655 -192,7611
340,4715 -191,0988
340,4775 -187,8769
340,4835 -183,5107
340,4895 -179,642
340,4955 -177,2749
340,5015 -176,11
340,5075 -175,2385
340,5135 -173,9885
340,5195 -172,0861
340,5255 -169,3476
340,5315 -165,6378
340,5375 -161,218
340,5435 -156,7913
340,5496 -152,9666
340,5555 -149,8384
340,5616 -147,1319
340,5676 -144,4629
340,5736 -141,4021
340,5796 -137,6517
340,5856 -133,3618
340,5916 -129,1127
340,5976 -125,4615
340,6036 -122,6094
340,6096 -120,6233
340,6156 -119,8176
340,6216 -120,4432
340,6276 -121,6979
340,6336 -121,4881
340,6396 -117,97
340,6457 -111,4568
340,6516 -104,3767
340,6577 -99,35503
340,6637 -97,56873
340,6697 -98,46605
340,6757 -100,3238
340,6817 -101,2847
340,6877 -100,6129
340,6937 -99,02086
340,6997 -97,45278
340,7057 -95,75128
340,7117 -92,92642
340,7177 -88,66326
340,7237 -84,16698
340,7297 -81,19379
340,7357 -80,23895
340,7417 -80,08651
340,7477 -79,33802
340,7538 -77,82861
340,7598 -76,15716
340,7658 -74,49507
340,7718 -72,57639
340,7778 -70,51804
340,7838 -68,97916
340,7898 -68,51869
340,7958 -69,06773
340,8018 -69,86534
340,8078 -69,64023
340,8138 -67,10373
340,8198 -61,81542
340,8258 -54,7784
340,8318 -47,95675
340,8378 -42,90972
340,8438 -39,78251
340,8499 -37,64629
340,8559 -35,77726
340,8618 -34,48657
340,8679 -34,67702
340,8739 -36,63742
340,8799 -39,3298
340,8859 -41,02264
340,8919 -40,68192
340,8979 -38,47792
340,9039 -34,95464
340,9099 -30,38406
340,9159 -25,24431
340,9219 -20,62836
340,9279 -17,52625
340,9339 -15,8924
340,9399 -14,8121
340,946 -13,58535
340,952 -12,41176
340,9579 -11,86532
340,964 -11,87783
340,97 -11,59646
340,976 -10,26538
340,982 -7,959279
340,988 -5,395976
340,994 -3,259356
341 -1,7971