
335 15,52223
335,006 12,23772
335,012 11,73467
335,018 21,75694
335,024 19,20958
335,03 14,97418
335,036 21,52924
335,0421 19,98094
335,048 4,487875
335,054 13,74268
335,0601 15,78327
335,0661 13,13765
335,0721 22,32998
335,0781 6,492228
335,0841 12,5345
335,0901 24,25459
335,0961 11,88379
335,1021 13,82422
335,1081 12,57349
335,1141 24,29302
335,1201 26,13966
335,1261 -8,852275
335,1321 17,19394
335,1382 3,063277
335,1441 17,16807
335,1501 19,00835
335,1562 10,68281
335,1622 -5,683454
335,1682 18,56273
335,1742 6,338854
335,1802 19,86928
335,1862 13,32149
335,1922 16,12703
335,1982 21,19504
335,2042 19,5982
335,2102 20,68065
335,2162 15,40479
335,2222 6,941722
335,2282 4,979339
335,2342 15,56686
335,2402 20,91487
335,2462 25,48554
335,2523 20,254
335,2583 6,079908
335,2643 13,86282
335,2703 20,60684
335,2763 4,370841
335,2823 17,15712
335,2883 1,078717
335,2943 19,7401
335,3003 6,576681
335,3063 9,30558
335,3123 10,78864
335,3183 11,71862
335,3243 9,799511
335,3303 21,82119
335,3363 -1,278507
335,3423 -0,3064434
335,3484 20,50792
335,3543 26,04753
335,3604 20,61724
335,3664 18,7524
335,3724 13,61968
335,3784 19,05127
335,3844 -3,089326
335,3904 21,74126
335,3964 23,16256
335,4024 16,55483
335,4084 25,7743
335,4144 13,21083
335,4204 18,51589
335,4264 27,09789
335,4324 1,759408
335,4384 15,918
335,4445 14,18765
335,4504 19,10452
335,4565 28,82764
335,4625 4,63961
335,4685 24,26514
335,4745 12,67472
335,4805 2,432604
335,4865 27,08703
335,4925 6,313967
335,4985 11,77699
335,5045 24,86478
335,5105 15,84946
335,5165 22,25701
335,5225 25,92286
335,5285 14,87827
335,5345 12,14554
335,5405 9,643549
335,5465 6,005931
335,5526 13,04704
335,5586 11,51049
335,5646 12,26078
335,5706 9,243227
335,5766 7,606443
335,5826 13,99899
335,5886 7,831807
335,5946 16,96073
335,6006 10,58891
335,6066 3,617282
335,6126 -1,488165
335,6186 12,2253
335,6246 16,85038
335,6306 28,85034
335,6366 26,33972
335,6426 17,49483
335,6487 23,96288
335,6547 13,38661
335,6607 27,0711
335,6667 22,40556
335,6727 22,79872
335,6787 17,13549
335,6847 8,20305
335,6907 10,00356
335,6967 17,94774
335,7027 18,71063
335,7087 9,946029
335,7147 24,62832
335,7207 30,16182
335,7267 -3,259178
335,7327 16,70339
335,7387 15,61084
335,7448 15,58185
335,7508 17,70314
335,7567 14,43762
335,7628 29,2041
335,7688 20,19783
335,7748 24,0562
335,7808 23,17159
335,7868 7,13059
335,7928 17,45157
335,7988 13,18402
335,8048 20,24731
335,8108 4,447732
335,8168 17,63145
335,8228 12,16975
335,8288 24,24034
335,8348 14,91466
335,8409 34,74477
335,8468 15,11568
335,8528 22,20752
335,8589 34,7387
335,8649 19,05625
335,8709 15,91306
335,8769 28,06298
335,8829 30,2021
335,8889 21,50677
335,8949 17,18358
335,9009 22,05663
335,9069 35,19523
335,9129 26,87891
335,9189 30,64802
335,9249 17,6219
335,9309 29,83618
335,937 30,08862
335,9429 51,52834
335,9489 33,78091
335,955 40,40464
335,961 35,51395
335,967 49,68571
335,973 40,14615
335,979 49,88151
335,985 56,06052
335,991 41,39506
335,997 47,8685
336,003 57,46786
336,009 56,36696
336,015 69,41796
336,021 65,89233
336,027 68,58214
336,033 57,77907
336,039 61,04968
336,045 61,02942
336,0511 70,44891
336,0571 71,30207
336,063 61,24654
336,0691 65,32394
336,0751 68,54436
336,0811 73,38065
336,0871 75,14664
336,0931 65,63291
336,0991 77,29501
336,1051 78,07556
336,1111 70,22739
336,1171 105,9388
336,1231 78,61018
336,1291 78,83992
336,1351 93,81933
336,1411 97,96024
336,1472 108,4552
336,1532 109,2745
336,1591 104,7887
336,1652 123,3296
336,1712 127,2724
336,1772 156,2439
336,1832 175,4208
336,1892 195,9128
336,1952 208,0766
336,2012 235,3877
336,2072 242,76
336,2132 292,4176
336,2192 330,2695
336,2252 365,938
336,2312 408,6949
336,2372 467,1742
336,2433 499,0958
336,2492 554,2928
336,2552 616,5749
336,2613 687,3612
336,2673 745,2245
336,2733 808,207
336,2793 859,9127
336,2853 935,3409
336,2913 1001,006
336,2973 1052,851
336,3033 1107,893
336,3093 1137,734
336,3153 1167,182
336,3213 1194,255
336,3273 1180,813
336,3333 1165,789
336,3393 1122,095
336,3453 1061,252
336,3513 972,3468
336,3574 865,4011
336,3634 745,0263
336,3694 586,965
336,3754 433,881
336,3814 274,061
336,3874 93,21268
336,3934 -51,95545
336,3994 -209,239
336,4054 -375,9081
336,4114 -541,2745
336,4174 -667,6549
336,4234 -775,9094
336,4294 -869,2714
336,4354 -948,8479
336,4414 -1001,019
336,4474 -1019,827
336,4535 -1051,285
336,4595 -1053,7
336,4655 -1030,79
336,4715 -1004,793
336,4775 -969,3272
336,4835 -940,2769
336,4895 -886,6017
336,4955 -829,0784
336,5015 -776,4268
336,5075 -716,8956
336,5135 -666,9834
336,5195 -611,4631
336,5255 -557,642
336,5315 -487,4139
336,5375 -455,0239
336,5435 -396,2807
336,5496 -371,4516
336,5555 -330,2946
336,5616 -308,0549
336,5676 -274,7326
336,5736 -241,8098
336,5796 -219,0656
336,5856 -189,1904
336,5916 -181,2351
336,5976 -172,1292
336,6036 -150,7578
336,6096 -128,4368
336,6156 -114,3673
336,6216 -124,3366
336,6276 -105,6943
336,6336 -96,11576
336,6396 -103,0973
336,6457 -84,28397
336,6516 -89,98002
336,6577 -85,85505
336,6637 -75,47144
336,6697 -80,33604
336,6757 -73,42645
336,6817 -79,0782
336,6877 -51,58583
336,6937 -68,1153
336,6997 -61,57554
336,7057 -55,85028
336,7117 -63,50797
336,7177 -56,64554
336,7237 -63,06524
336,7297 -54,0892
336,7357 -42,00221
336,7417 -68,02778
336,7477 -48,84486
336,7538 -53,66936
336,7598 -43,21464
336,7658 -46,19238
336,7718 -39,82883
336,7778 -29,39423
336,7838 -33,29244
336,7898 -27,81887
336,7958 -27,03629
336,8018 -27,51801
336,8078 -13,54444
336,8138 -38,52521
336,8198 -8,054306
336,8258 -19,93117
336,8318 -20,68027
336,8378 -5,881146
336,8438 -18,0101
336,8499 -8,766128
336,8559 -7,459303
336,8618 -20,99394
336,8679 -12,71679
336,8739 -5,956348
336,8799 -12,41749
336,8859 12,81882
336,8919 -5,616861
336,8979 13,77935
336,9039 1,773758
336,9099 -2,876226
336,9159 -13,73835
336,9219 1,255715
336,9279 12,68742
336,9339 -4,309102
336,9399 13,43261
336,946 3,587975
336,952 3,735649
336,9579 2,914269
336,964 -0,8738747
336,97 -0,1580612
336,976 6,809876
336,982 4,787405
336,988 0,2497545
336,994 -1,75483
337 -3,866564
337,006 -8,575494
337,012 -6,350832
337,018 5,850434
337,024 2,353551
337,03 -10,77832
337,036 -10,8304
337,0421 -4,299755
337,048 7,743322
337,054 0,57411
337,0601 -3,630009
337,0661 10,13192
337,0721 -0,7350212
337,0781 -0,7839115
337,0841 17,77542
337,0901 -1,305198
337,0961 11,89556
337,1021 24,99194
337,1081 12,18862
337,1141 4,549867
337,1201 14,69443
337,1261 10,7087
337,1321 21,92884
337,1382 -0,5241489
337,1441 10,85011
337,1501 13,25155
337,1562 5,992256
337,1622 15,51754
337,1682 15,19148
337,1742 10,79986
337,1802 19,55249
337,1862 5,069597
337,1922 5,290934
337,1982 11,15115
337,2042 -7,226947
337,2102 0,8684074
337,2162 14,09481
337,2222 -7,325583
337,2282 10,70298
337,2342 4,639944
337,2402 14,90581
337,2462 17,71337
337,2523 9,304169
337,2583 19,60198
337,2643 15,99857
337,2703 16,1664
337,2763 8,867741
337,2823 14,09838
337,2883 3,563547
337,2943 17,57053
337,3003 10,81721
337,3063 7,83966
337,3123 20,84137
337,3183 -2,00321
337,3243 6,837883
337,3303 25,47259
337,3363 7,677042
337,3423 19,5191
337,3484 17,14125
337,3543 2,976154
337,3604 18,62337
337,3664 17,22035
337,3724 6,6652
337,3784 10,93537
337,3844 16,37636
337,3904 16,76317
337,3964 13,82763
337,4024 20,95067
337,4084 15,61277
337,4144 9,761222
337,4204 24,35948
337,4264 10,7396
337,4324 31,31459
337,4384 16,04243
337,4445 18,0437
337,4504 16,92381
337,4565 20,09173
337,4625 10,5441
337,4685 3,8827
337,4745 -8,077235
337,4805 -2,229254
337,4865 16,15281
337,4925 7,891064
337,4985 29,76557
337,5045 37,87521
337,5105 28,37121
337,5165 14,5947
337,5225 25,32463
337,5285 2,922735
337,5345 19,62537
337,5405 16,52144
337,5465 24,78968
337,5526 6,922697
337,5586 30,56442
337,5646 23,27331
337,5706 27,6083
337,5766 30,57375
337,5826 20,98805
337,5886 19,14506
337,5946 11,93099
337,6006 22,88461
337,6066 15,93001
337,6126 22,74155
337,6186 37,44118
337,6246 14,66734
337,6306 13,12686
337,6366 8,231221
337,6426 29,1853
337,6487 18,0177
337,6547 31,6091
337,6607 49,38716
337,6667 29,41945
337,6727 39,78451
337,6787 44,72929
337,6847 35,27792
337,6907 57,30476
337,6967 31,86943
337,7027 47,44112
337,7087 57,23216
337,7147 60,01598
337,7207 45,30136
337,7267 47,50889
337,7327 53,75283
337,7387 58,71424
337,7448 52,09822
337,7508 60,26062
337,7567 71,25039
337,7628 68,74194
337,7688 67,01199
337,7748 59,53853
337,7808 73,53539
337,7868 76,90106
337,7928 65,68182
337,7988 81,87218
337,8048 83,96925
337,8108 66,5453
337,8168 67,73308
337,8228 74,88511
337,8288 79,52447
337,8348 76,37239
337,8409 93,58921
337,8468 93,38178
337,8528 95,65421
337,8589 102,5781
337,8649 105,3804
337,8709 129,7353
337,8769 114,5214
337,8829 138,9175
337,8889 135,7798
337,8949 159,5709
337,9009 166,4438
337,9069 197,947
337,9129 211,9223
337,9189 217,8885
337,9249 249,7313
337,9309 312,9603
337,937 327,4665
337,9429 388,1909
337,9489 409,5886
337,955 477,9564
337,961 530,4153
337,967 572,7986
337,973 633,8016
337,979 690,2874
337,985 756,1563
337,991 836,7289
337,997 907,588
338,003 954,7496
338,009 1013,836
338,015 1062,519
338,021 1126,504
338,027 1150,052
338,033 1166,9
338,039 1181,234
338,045 1158,135
338,0511 1140,784
338,0571 1093,039
338,063 1003,437
338,0691 922,6642
338,0751 802,4102
338,0811 669,1132
338,0871 507,7313
338,0931 332,0274
338,0991 160,3288
338,1051 -3,621909
338,1111 -138,8439
338,1171 -313,649
338,1231 -470,5736
338,1291 -602,1201
338,1351 -743,9407
338,1411 -834,738
338,1472 -910,2896
338,1532 -986,7718
338,1591 -1022,814
338,1652 -1065,487
338,1712 -1061,052
338,1772 -1048,94
338,1832 -1041,886
338,1892 -999,559
338,1952 -954,0009
338,2012 -923,0469
338,2072 -869,89
338,2132 -807,8831
338,2192 -751,1695
338,2252 -696,639
338,2312 -640,4996
338,2372 -586,0671
338,2433 -532,7785
338,2492 -486,1465
338,2552 -449,0979
338,2613 -404,6649
338,2673 -354,4998
338,2733 -298,9349
338,2793 -291,9577
338,2853 -250,8928
338,2913 -228,1955
338,2973 -190,6206
338,3033 -196,1532
338,3093 -172,9403
338,3153 -153,7549
338,3213 -142,4026
338,3273 -123,2154
338,3333 -112,4688
338,3393 -114,9979
338,3453 -103,4745
338,3513 -97,35822
338,3574 -80,81793
338,3634 -77,37733
338,3694 -82,02185
338,3754 -64,62626
338,3814 -70,01477
338,3874 -66,16903
338,3934 -70,67935
338,3994 -55,7882
338,4054 -58,04856
338,4114 -69,43698
338,4174 -68,95728
338,4234 -66,08757
338,4294 -73,44246
338,4354 -65,65716
338,4414 -47,8334
338,4474 -52,91047
338,4535 -40,23019
338,4595 -47,15641
338,4655 -50,39531
338,4715 -40,43835
338,4775 -40,45081
338,4835 -32,2464
338,4895 -37,06034
338,4955 -36,95195
338,5015 -25,97494
338,5075 -31,03505
338,5135 -29,04473
338,5195 -21,51815
338,5255 -11,26784
338,5315 -35,99963
338,5375 -7,785662
338,5435 -13,88913
338,5496 -27,24645
338,5555 -17,50498
338,5616 -4,960778
338,5676 -15,56339
338,5736 -20,42026
338,5796 -26,3455
338,5856 -0,537532
338,5916 -0,4695988
338,5976 -3,945102
338,6036 -10,24994
338,6096 -12,51869
338,6156 -3,682183
338,6216 7,867738
338,6276 3,412138
338,6336 -8,385153
338,6396 16,24051
338,6457 -0,8621568
338,6516 -4,622085
338,6577 -9,376863
338,6637 1,662536
338,6697 9,764232
338,6757 13,72235
338,6817 -0,3130588
338,6877 -2,590552
338,6937 -3,683991
338,6997 3,009907
338,7057 -6,545698
338,7117 12,91487
338,7177 9,342146
338,7237 0,2932281
338,7297 12,39393
338,7357 -2,106797
338,7417 -5,293892
338,7477 5,141489
338,7538 10,60504
338,7598 8,02584
338,7658 19,64065
338,7718 7,039738
338,7778 3,049889
338,7838 5,504957
338,7898 22,42095
338,7958 12,33656
338,8018 16,12785
338,8078 15,05195
338,8138 8,277859
338,8198 -2,172071
338,8258 3,154319
338,8318 17,0477
338,8378 11,82731
338,8438 3,63692
338,8499 13,82936
338,8559 14,95191
338,8618 13,53466
338,8679 9,143129
338,8739 21,22934
338,8799 18,72287
338,8859 23,50349
338,8919 12,05682
338,8979 14,57538
338,9039 15,66858
338,9099 13,27788
338,9159 19,96593
338,9219 7,051169
338,9279 18,20761
338,9339 31,69946
338,9399 20,45579
338,946 8,775405
338,952 14,31277
338,9579 8,559295
338,964 10,25455
338,97 7,459069
338,976 32,95061
338,982 7,724403
338,988 18,18059
338,994 12,5187
339 29,80967
339,006 22,1513
339,012 18,56187
339,018 17,55231
339,024 12,17043
339,03 19,01069
339,036 17,66064
339,0421 25,28898
339,048 20,9351
339,054 11,11075
339,0601 16,43956
339,0661 16,39645
339,0721 26,97702
339,0781 12,14268
339,0841 29,7287
339,0901 9,672985
339,0961 16,25982
339,1021 18,96923
339,1081 19,0759
339,1141 16,64924
339,1201 17,74617
339,1261 23,64956
339,1321 23,9863
339,1382 13,15126
339,1441 42,51949
339,1501 33,99452
339,1562 14,084
339,1622 26,18162
339,1682 30,2785
339,1742 32,15272
339,1802 32,7719
339,1862 18,06005
339,1922 21,47066
339,1982 16,28693
339,2042 25,25733
339,2102 15,76662
339,2162 34,03025
339,2222 25,99368
339,2282 42,25743
339,2342 29,40108
339,2402 35,23959
339,2462 23,70929
339,2523 30,40071
339,2583 28,7236
339,2643 36,96125
339,2703 15,35676
339,2763 36,53164
339,2823 35,22663
339,2883 24,05791
339,2943 25,55342
339,3003 25,04948
339,3063 26,39493
339,3123 30,76321
339,3183 40,72992
339,3243 28,08327
339,3303 35,54982
339,3363 29,64241
339,3423 39,74962
339,3484 39,0885
339,3543 20,28117
339,3604 29,14168
339,3664 34,2874
339,3724 30,98489
339,3784 26,68881
339,3844 25,39976
339,3904 25,16406
339,3964 38,61836
339,4024 34,29855
339,4084 45,32746
339,4144 51,83339
339,4204 38,18721
339,4264 46,63704
339,4324 52,63251
339,4384 41,43421
339,4445 51,65687
339,4504 51,55074
339,4565 62,14154
339,4625 69,2065
339,4685 76,79471
339,4745 85,43902
339,4805 80,60728
339,4865 71,19357
339,4925 71,67799
339,4985 71,90625
339,5045 82,45448
339,5105 84,232
339,5165 84,25099
339,5225 88,44322
339,5285 83,09588
339,5345 100,2399
339,5405 82,354
339,5465 83,55571
339,5526 77,93908
339,5586 92,59509
339,5646 103,7074
339,5706 110,7593
339,5766 99,44469
339,5826 116,1844
339,5886 111,1793
339,5946 119,4733
339,6006 120,5772
339,6066 130,4524
339,6126 153,9445
339,6186 156,8771
339,6246 185,3295
339,6306 200,6134
339,6366 213,7397
339,6426 243,7411
339,6487 278,321
339,6547 299,179
339,6607 333,9502
339,6667 376,3255
339,6727 426,2278
339,6787 464,3008
339,6847 517,1276
339,6907 570,1777
339,6967 636,1078
339,7027 679,3807
339,7087 729,3176
339,7147 789,46
339,7207 862,331
339,7267 909,5022
339,7327 963,1731
339,7387 1024,533
339,7448 1053,633
339,7508 1079,358
339,7567 1099,042
339,7628 1100,743
339,7688 1090,442
339,7748 1056,27
339,7808 1014,548
339,7868 934,0513
339,7928 847,9263
339,7988 748,6325
339,8048 634,6176
339,8108 474,1095
339,8168 339,7135
339,8228 178,1907
339,8288 17,02303
339,8348 -129,7518
339,8409 -263,7488
339,8468 -422,5311
339,8528 -553,0482
339,8589 -679,5394
339,8649 -768,3254
339,8709 -852,674
339,8769 -917,0687
339,8829 -969,5322
339,8889 -982,6028
339,8949 -1010,026
339,9009 -1005,113
339,9069 -988,8195
339,9129 -958,2601
339,9189 -931,3932
339,9249 -888,4982
339,9309 -839,4279
339,937 -786,8337
339,9429 -728,2729
339,9489 -693,1165
339,955 -623,7122
339,961 -581,4144
339,967 -520,1879
339,973 -499,3865
339,979 -424,2937
339,985 -396,3818
339,991 -350,0063
339,997 -318,0646
340,003 -298,2683
340,009 -250,1812
340,015 -226,658
340,021 -200,5895
340,027 -182,9384
340,033 -159,8844
340,039 -145,0607
340,045 -147,195
340,0511 -134,5815
340,0571 -114,5326
340,063 -114,5749
340,0691 -103,216
340,0751 -87,67674
340,0811 -92,29939
340,0871 -86,05528
340,0931 -81,188
340,0991 -77,54692
340,1051 -61,03629
340,1111 -90,45833
340,1171 -66,97993
340,1231 -53,10934
340,1291 -53,6966
340,1351 -60,63007
340,1411 -58,21507
340,1472 -40,43763
340,1532 -56,07929
340,1591 -55,20884
340,1652 -48,90628
340,1712 -44,19685
340,1772 -40,3701
340,1832 -29,57962
340,1892 -37,50648
340,1952 -37,9451
340,2012 -31,04159
340,2072 -55,92901
340,2132 -42,64773
340,2192 -20,41935
340,2252 -41,1154
340,2312 -36,66928
340,2372 -17,32093
340,2433 -2,703295
340,2492 -10,12536
340,2552 -8,427115
340,2613 -10,77804
340,2673 -9,378888
340,2733 -20,77424
340,2793 1,491619
340,2853 -9,679408
340,2913 -16,89617
340,2973 -6,036861
340,3033 -17,48901
340,3093 -2,590977
340,3153 -3,941049
340,3213 -6,886075
340,3273 3,292796
340,3333 10,0576
340,3393 -7,912572
340,3453 16,83822
340,3513 13,85916
340,3574 -3,516464
340,3634 16,46202
340,3694 0,9680071
340,3754 19,89253
340,3814 18,78123
340,3874 0,1948304
340,3934 -0,2734983
340,3994 20,48103
340,4054 21,25995
340,4114 23,28448
340,4174 14,50384
340,4234 9,316424
340,4294 6,275346
340,4354 6,631537
340,4414 10,54918
340,4474 8,731337
340,4535 11,22057
340,4595 10,25375
340,4655 31,27183
340,4715 11,05842
340,4775 19,11266
340,4835 10,98143
340,4895 -2,044532
340,4955 14,58453
340,5015 -1,835203
340,5075 9,045182
340,5135 8,275991
340,5195 23,51512
340,5255 2,314335
340,5315 -0,5158365
340,5375 15,36122
340,5435 22,54575
340,5496 16,17842
340,5555 18,52464
340,5616 11,89883
340,5676 14,35305
340,5736 11,14184
340,5796 14,50075
340,5856 -0,02628552
340,5916 -2,148006
340,5976 16,52863
340,6036 24,81719
340,6096 15,04454
340,6156 24,64463
340,6216 17,72666
340,6276 12,62015
340,6336 16,9349
340,6396 15,503
340,6457 7,869957
340,6516 22,11861
340,6577 18,19582
340,6637 5,605265
340,6697 27,31746
340,6757 5,686077
340,6817 16,85668
340,6877 7,383701
340,6937 19,67076
340,6997 29,32805
340,7057 3,849467
340,7117 8,273444
340,7177 14,12961
340,7237 18,43157
340,7297 20,44768
340,7357 6,559117
340,7417 7,602149
340,7477 8,272834
340,7538 13,26336
340,7598 10,81534
340,7658 6,217401
340,7718 10,00268
340,7778 11,43554
340,7838 10,89634
340,7898 11,57043
340,7958 24,61691
340,8018 15,87596
340,8078 18,98178
340,8138 14,33057
340,8198 -0,504521
340,8258 4,743019
340,8318 12,6186
340,8378 13,12316
340,8438 20,39622
340,8499 34,47528
340,8559 26,35893
340,8618 18,14541
340,8679 -9,189506
340,8739 26,23953
340,8799 27,646
340,8859 9,621011
340,8919 10,29997
340,8979 28,56958
340,9039 18,28847
340,9099 8,086449
340,9159 7,018795
340,9219 13,51492
340,9279 10,84507
340,9339 26,96699
340,9399 16,37483
340,946 28,88685
340,952 3,948587
340,9579 16,48059
340,964 11,62075
340,97 12,01626
340,976 1,142115
340,982 31,79157
340,988 24,39759
340,994 29,40207
341 18,11477
335 -13,14761
335,006 17,37219
335,012 26,81507
335,018 22,74034
335,024 22,11039
335,03 23,223
335,036 12,87201
335,0421 15,77191
335,048 -18,58113
335,054 -3,427744
335,0601 12,88997
335,0661 12,39492
335,0721 16,93405
335,0781 -9,964092
335,0841 -4,177684
335,0901 6,817737
335,0961 21,46746
335,1021 27,48448
335,1081 -13,02368
335,1141 17,22384
335,1201 15,75298
335,1261 -7,947464
335,1321 13,36022
335,1382 21,52276
335,1441 22,65017
335,1501 0,6081776
335,1562 10,13388
335,1622 17,4267
335,1682 22,10729
335,1742 -16,1252
335,1802 0,8491551
335,1862 8,23633
335,1922 3,907068
335,1982 -8,789486
335,2042 22,31954
335,2102 0,04305141
335,2162 3,156966
335,2222 -19,82647
335,2282 -12,84932
335,2342 25,23949
335,2402 44,82885
335,2462 35,35607
335,2523 19,82445
335,2583 19,30119
335,2643 22,87226
335,2703 17,40721
335,2763 -13,09688
335,2823 18,24036
335,2883 -3,979331
335,2943 18,13837
335,3003 -27,04222
335,3063 5,285545
335,3123 19,5866
335,3183 24,59632
335,3243 13,16803
335,3303 17,97911
335,3363 -4,686976
335,3423 -16,73495
335,3484 49,41881
335,3543 17,54258
335,3604 10,0439
335,3664 29,61154
335,3724 20,21672
335,3784 3,231488
335,3844 -13,84856
335,3904 0,7493199
335,3964 39,9393
335,4024 31,33283
335,4084 30,30538
335,4144 -24,20448
335,4204 17,58833
335,4264 23,74537
335,4324 -1,197743
335,4384 17,95399
335,4445 21,04527
335,4504 9,823443
335,4565 27,41831
335,4625 26,32552
335,4685 37,02754
335,4745 12,53667
335,4805 -14,1031
335,4865 34,73091
335,4925 14,2709
335,4985 -1,71319
335,5045 31,41139
335,5105 1,517062
335,5165 28,12852
335,5225 13,34559
335,5285 10,02413
335,5345 -3,262852
335,5405 2,137652
335,5465 -15,09496
335,5526 6,468452
335,5586 -0,3208787
335,5646 10,94148
335,5706 15,94055
335,5766 -28,76429
335,5826 34,28475
335,5886 6,303652
335,5946 -6,433232
335,6006 17,86136
335,6066 16,81699
335,6126 8,268876
335,6186 6,492326
335,6246 12,03382
335,6306 23,62135
335,6366 34,47479
335,6426 4,563708
335,6487 24,3327
335,6547 29,088
335,6607 18,79684
335,6667 18,75093
335,6727 11,92577
335,6787 -3,474526
335,6847 -3,166178
335,6907 -13,08859
335,6967 17,00001
335,7027 42,42502
335,7087 32,63993
335,7147 30,26063
335,7207 8,416077
335,7267 -19,05106
335,7327 -5,575633
335,7387 -9,424567
335,7448 14,47364
335,7508 20,38593
335,7567 4,157458
335,7628 19,10498
335,7688 34,90345
335,7748 25,35316
335,7808 10,90906
335,7868 2,057805
335,7928 21,79105
335,7988 9,241525
335,8048 5,898211
335,8108 2,178816
335,8168 16,03202
335,8228 25,78657
335,8288 37,575
335,8348 -7,161939
335,8409 27,09151
335,8468 0,3275254
335,8528 32,39569
335,8589 42,00875
335,8649 30,69151
335,8709 23,2591
335,8769 29,29823
335,8829 6,358871
335,8889 12,49664
335,8949 2,827854
335,9009 27,74511
335,9069 30,98815
335,9129 12,44837
335,9189 7,435636
335,9249 18,95772
335,9309 31,98
335,937 11,11848
335,9429 61,70706
335,9489 17,86175
335,955 47,03659
335,961 32,13128
335,967 52,32288
335,973 36,4754
335,979 51,33795
335,985 32,48518
335,991 40,43264
335,997 31,55464
336,003 67,82392
336,009 46,75085
336,015 87,43059
336,021 58,63075
336,027 75,11294
336,033 44,4331
336,039 59,93472
336,045 74,91324
336,0511 54,23792
336,0571 58,59577
336,063 39,24915
336,0691 42,36215
336,0751 38,3252
336,0811 68,19254
336,0871 80,72463
336,0931 79,88593
336,0991 94,30085
336,1051 76,79481
336,1111 55,68391
336,1171 105,9131
336,1231 82,50706
336,1291 55,75107
336,1351 100,1438
336,1411 93,90872
336,1472 123,9679
336,1532 108,4872
336,1591 140,4625
336,1652 136,5551
336,1712 114,2579
336,1772 173,2883
336,1832 178,2916
336,1892 203,4731
336,1952 223,8741
336,2012 228,8433
336,2072 259,6158
336,2132 296,0304
336,2192 342,8625
336,2252 381,3851
336,2312 443,5717
336,2372 470,4938
336,2433 530,6661
336,2492 553,5907
336,2552 610,0959
336,2613 713,6281
336,2673 771,0811
336,2733 823,1172
336,2793 902,0016
336,2853 952,4921
336,2913 1038,517
336,2973 1086,67
336,3033 1117,188
336,3093 1151,568
336,3153 1193,884
336,3213 1228,439
336,3273 1212,388
336,3333 1182,838
336,3393 1147,512
336,3453 1067,762
336,3513 999,9863
336,3574 845,6727
336,3634 730,1259
336,3694 573,8275
336,3754 372,1919
336,3814 203,7856
336,3874 41,10038
336,3934 -101,4921
336,3994 -256,1187
336,4054 -378,6312
336,4114 -555,0834
336,4174 -709,829
336,4234 -828,6477
336,4294 -902,3125
336,4354 -983,0736
336,4414 -1029,415
336,4474 -1049,058
336,4535 -1075,827
336,4595 -1097,551
336,4655 -1056,356
336,4715 -1037,173
336,4775 -992,5984
336,4835 -940,2499
336,4895 -886,2283
336,4955 -845,7433
336,5015 -786,2273
336,5075 -704,3314
336,5135 -681,246
336,5195 -641,3462
336,5255 -578,9166
336,5315 -486,2979
336,5375 -474,9356
336,5435 -392,7438
336,5496 -360,5793
336,5555 -316,3172
336,5616 -315,5847
336,5676 -281,0407
336,5736 -259,2243
336,5796 -223,7586
336,5856 -213,1429
336,5916 -182,8491
336,5976 -184,6333
336,6036 -146,9779
336,6096 -137,1938
336,6156 -111,4281
336,6216 -128,8069
336,6276 -99,1946
336,6336 -91,72573
336,6396 -99,32526
336,6457 -79,7697
336,6516 -97,13783
336,6577 -100,4019
336,6637 -82,81019
336,6697 -80,15115
336,6757 -84,75852
336,6817 -66,02838
336,6877 -39,61789
336,6937 -72,52359
336,6997 -57,38034
336,7057 -72,93055
336,7117 -45,32904
336,7177 -44,4521
336,7237 -59,29392
336,7297 -45,50013
336,7357 -40,71127
336,7417 -63,50832
336,7477 -47,35464
336,7538 -51,73463
336,7598 -12,8671
336,7658 -73,15206
336,7718 -44,27222
336,7778 -39,69868
336,7838 -16,77938
336,7898 -16,86133
336,7958 -34,15784
336,8018 -46,10764
336,8078 -4,419971
336,8138 -44,42153
336,8198 10,94805
336,8258 -4,197031
336,8318 -24,08775
336,8378 -27,29971
336,8438 -28,92875
336,8499 -1,918353
336,8559 -2,986332
336,8618 -43,39124
336,8679 -36,66344
336,8739 -23,48613
336,8799 -18,34193
336,8859 14,92939
336,8919 3,673692
336,8979 11,64631
336,9039 -16,84417
336,9099 -7,600333
336,9159 2,791073
336,9219 14,14474
336,9279 19,27451
336,9339 -10,24594
336,9399 8,487162
336,946 -2,257055
336,952 12,12617
336,9579 17,05478
336,964 -2,067227
336,97 -4,742831
336,976 -3,79799
336,982 5,676597
336,988 -16,70002
336,994 -7,213108
337 -11,67663
337,006 -7,513723
337,012 7,790188
337,018 26,70215
337,024 -6,957706
337,03 -4,254529
337,036 -22,40829
337,0421 -1,760468
337,048 -18,74087
337,054 -35,33689
337,0601 -10,51478
337,0661 9,551708
337,0721 8,179793
337,0781 -22,1387
337,0841 20,32508
337,0901 13,15731
337,0961 0,3256869
337,1021 12,68102
337,1081 20,90123
337,1141 3,620376
337,1201 21,74671
337,1261 8,850526
337,1321 -6,821201
337,1382 -8,429152
337,1441 20,15268
337,1501 7,853308
337,1562 15,78146
337,1622 15,87689
337,1682 3,823979
337,1742 6,758103
337,1802 13,30725
337,1862 -0,3537396
337,1922 6,528232
337,1982 14,25217
337,2042 1,124216
337,2102 6,285413
337,2162 -13,17789
337,2222 -36,69316
337,2282 0,5200012
337,2342 -19,70491
337,2402 21,32718
337,2462 -7,038177
337,2523 4,499809
337,2583 24,62194
337,2643 26,78076
337,2703 19,61582
337,2763 16,41037
337,2823 16,77284
337,2883 -14,55492
337,2943 0,77167
337,3003 22,11026
337,3063 21,95799
337,3123 13,36498
337,3183 -11,93154
337,3243 -5,344491
337,3303 38,86889
337,3363 24,82336
337,3423 6,920949
337,3484 5,626211
337,3543 9,866631
337,3604 18,21844
337,3664 -8,4247
337,3724 15,19742
337,3784 29,85605
337,3844 -22,54342
337,3904 5,907911
337,3964 2,645355
337,4024 16,32588
337,4084 21,40253
337,4144 28,60922
337,4204 -5,843
337,4264 27,99491
337,4324 43,17532
337,4384 44,50245
337,4445 5,598343
337,4504 -11,47327
337,4565 46,55659
337,4625 20,69295
337,4685 25,69889
337,4745 -18,32106
337,4805 -16,59332
337,4865 13,12398
337,4925 -3,501214
337,4985 42,70786
337,5045 12,34697
337,5105 27,7823
337,5165 18,56277
337,5225 28,40621
337,5285 2,057758
337,5345 21,58759
337,5405 55,49488
337,5465 31,0494
337,5526 -10,44834
337,5586 37,93078
337,5646 6,727308
337,5706 51,07975
337,5766 18,82855
337,5826 28,97058
337,5886 20,37435
337,5946 23,43422
337,6006 13,69449
337,6066 5,424408
337,6126 21,93245
337,6186 35,80348
337,6246 15,1037
337,6306 -3,987127
337,6366 -10,39735
337,6426 -2,57977
337,6487 20,58047
337,6547 23,13045
337,6607 33,53841
337,6667 26,1087
337,6727 45,5527
337,6787 44,42804
337,6847 38,54841
337,6907 46,59114
337,6967 27,72147
337,7027 42,03722
337,7087 34,08232
337,7147 72,15602
337,7207 39,14708
337,7267 40,85616
337,7327 65,09
337,7387 60,74191
337,7448 49,26329
337,7508 61,55645
337,7567 94,92684
337,7628 69,08189
337,7688 90,39253
337,7748 32,81055
337,7808 73,93807
337,7868 63,24887
337,7928 73,88036
337,7988 81,13634
337,8048 79,58165
337,8108 59,11081
337,8168 58,58459
337,8228 88,22063
337,8288 89,8745
337,8348 70,06665
337,8409 112,4529
337,8468 90,70565
337,8528 108,5709
337,8589 106,5572
337,8649 78,74947
337,8709 129,0988
337,8769 96,42431
337,8829 139,9313
337,8889 154,5806
337,8949 177,4766
337,9009 165,9265
337,9069 188,1983
337,9129 220,591
337,9189 202,4127
337,9249 252,2753
337,9309 314,4117
337,937 328,7562
337,9429 391,7325
337,9489 417,2144
337,955 456,4407
337,961 524,6988
337,967 593,1431
337,973 643,431
337,979 715,43
337,985 774,283
337,991 842,7075
337,997 922,9732
338,003 981,9408
338,009 1009,748
338,015 1088,346
338,021 1173,494
338,027 1183,066
338,033 1198,91
338,039 1200,95
338,045 1176,266
338,0511 1157,797
338,0571 1106,724
338,063 1020,311
338,0691 927,3627
338,0751 818,4687
338,0811 684,6966
338,0871 474,4408
338,0931 324,9078
338,0991 146,5117
338,1051 -23,47008
338,1111 -154,4065
338,1171 -344,1135
338,1231 -521,025
338,1291 -646,1307
338,1351 -774,0023
338,1411 -856,2741
338,1472 -961,4249
338,1532 -1010,734
338,1591 -1030,121
338,1652 -1107,027
338,1712 -1065,541
338,1772 -1066,368
338,1832 -1052,589
338,1892 -1021,444
338,1952 -997,8466
338,2012 -942,856
338,2072 -884,8124
338,2132 -831,2202
338,2192 -784,3479
338,2252 -696,4955
338,2312 -661,7958
338,2372 -632,2211
338,2433 -517,3516
338,2492 -483,5472
338,2552 -464,9786
338,2613 -412,783
338,2673 -354,9157
338,2733 -329,3996
338,2793 -310,7437
338,2853 -242,9031
338,2913 -245,4165
338,2973 -207,0303
338,3033 -190,0856
338,3093 -190,7832
338,3153 -163,1588
338,3213 -155,3976
338,3273 -158,3588
338,3333 -129,112
338,3393 -113,2472
338,3453 -107,2224
338,3513 -102,0412
338,3574 -79,39549
338,3634 -90,30827
338,3694 -115,6569
338,3754 -70,34379
338,3814 -73,42609
338,3874 -81,19624
338,3934 -66,40491
338,3994 -58,65012
338,4054 -49,49807
338,4114 -89,15506
338,4174 -77,24402
338,4234 -61,80128
338,4294 -74,39029
338,4354 -66,20412
338,4414 -71,83242
338,4474 -58,6366
338,4535 -46,33451
338,4595 -69,87104
338,4655 -27,17256
338,4715 -49,96341
338,4775 -41,08319
338,4835 -30,46415
338,4895 -53,74615
338,4955 -56,13072
338,5015 -35,33154
338,5075 -37,91653
338,5135 -32,62721
338,5195 -12,11255
338,5255 -30,99644
338,5315 -48,5714
338,5375 -4,058004
338,5435 -31,13002
338,5496 -19,41573
338,5555 -10,18784
338,5616 -15,66163
338,5676 -22,3965
338,5736 -33,74418
338,5796 15,07808
338,5856 -6,789418
338,5916 4,143687
338,5976 -3,889843
338,6036 -29,34887
338,6096 -10,07944
338,6156 -12,308
338,6216 -22,86068
338,6276 5,795846
338,6336 -35,11238
338,6396 23,94583
338,6457 13,34972
338,6516 -17,89797
338,6577 14,39771
338,6637 -37,11775
338,6697 -6,869704
338,6757 18,93224
338,6817 -10,95513
338,6877 -4,755472
338,6937 -8,187429
338,6997 12,03346
338,7057 -12,12743
338,7117 -4,298453
338,7177 -7,53477
338,7237 4,739344
338,7297 5,241222
338,7357 -4,366762
338,7417 3,307271
338,7477 -15,24812
338,7538 7,080845
338,7598 12,14277
338,7658 24,35353
338,7718 -8,925608
338,7778 -14,46965
338,7838 -4,069555
338,7898 -7,104506
338,7958 6,394801
338,8018 9,047647
338,8078 20,64053
338,8138 7,192455
338,8198 -30,06022
338,8258 -1,304434
338,8318 -3,318638
338,8378 6,832303
338,8438 -24,33483
338,8499 11,47328
338,8559 7,453551
338,8618 -1,670443
338,8679 -1,263209
338,8739 2,28264
338,8799 5,117085
338,8859 22,26528
338,8919 -4,230733
338,8979 12,00917
338,9039 7,477679
338,9099 6,509233
338,9159 17,4125
338,9219 0,4310389
338,9279 20,44356
338,9339 16,35496
338,9399 5,445291
338,946 -8,885098
338,952 -11,85865
338,9579 3,009256
338,964 3,355084
338,97 5,52309
338,976 38,5889
338,982 23,37209
338,988 25,27771
338,994 13,299
339 10,89357
339,006 11,23696
339,012 30,44413
339,018 19,24215
339,024 2,371504
339,03 -0,1554275
339,036 21,6145
339,0421 -7,764841
339,048 22,99594
339,054 2,343095
339,0601 11,30549
339,0661 33,94798
339,0721 18,86482
339,0781 9,635618
339,0841 10,11068
339,0901 -18,23681
339,0961 22,30928
339,1021 18,2851
339,1081 14,69404
339,1141 14,71686
339,1201 30,19234
339,1261 1,041212
339,1321 32,49314
339,1382 21,25379
339,1441 13,46919
339,1501 58,20525
339,1562 7,261037
339,1622 20,10356
339,1682 38,01303
339,1742 37,45262
339,1802 23,01275
339,1862 25,15295
339,1922 34,43936
339,1982 19,35441
339,2042 38,72054
339,2102 2,587994
339,2162 61,08683
339,2222 29,02958
339,2282 38,32385
339,2342 17,83842
339,2402 13,97899
339,2462 28,07906
339,2523 22,88782
339,2583 27,35755
339,2643 43,11021
339,2703 34,27707
339,2763 24,87202
339,2823 35,54095
339,2883 13,77983
339,2943 21,27163
339,3003 27,66895
339,3063 7,126347
339,3123 25,9055
339,3183 20,86156
339,3243 19,18822
339,3303 24,43437
339,3363 31,3193
339,3423 48,07994
339,3484 33,71744
339,3543 34,86861
339,3604 31,54323
339,3664 20,24288
339,3724 6,268254
339,3784 17,34447
339,3844 -1,054789
339,3904 31,164
339,3964 60,22017
339,4024 17,15414
339,4084 46,96112
339,4144 54,36317
339,4204 33,89277
339,4264 37,58756
339,4324 54,23113
339,4384 33,0724
339,4445 31,27781
339,4504 30,65619
339,4565 68,88915
339,4625 81,86139
339,4685 58,87926
339,4745 83,96921
339,4805 89,49562
339,4865 27,12986
339,4925 48,22829
339,4985 64,31955
339,5045 66,46785
339,5105 95,86506
339,5165 78,3363
339,5225 104,5788
339,5285 80,44049
339,5345 62,17212
339,5405 62,23338
339,5465 87,44225
339,5526 81,57153
339,5586 68,64367
339,5646 112,7399
339,5706 102,8155
339,5766 83,11847
339,5826 111,6319
339,5886 124,5737
339,5946 136,0774
339,6006 103,0772
339,6066 119,1388
339,6126 164,6985
339,6186 142,885
339,6246 184,8825
339,6306 217,4351
339,6366 209,7662
339,6426 248,7967
339,6487 268,7135
339,6547 292,4052
339,6607 351,2748
339,6667 383,1628
339,6727 434,3427
339,6787 481,3951
339,6847 517,2418
339,6907 576,2206
339,6967 641,0936
339,7027 674,4608
339,7087 743,7761
339,7147 798,1648
339,7207 872,3663
339,7267 948,3058
339,7327 973,908
339,7387 1030,181
339,7448 1072,27
339,7508 1116,647
339,7567 1100,645
339,7628 1112,913
339,7688 1110,766
339,7748 1058,754
339,7808 1022,06
339,7868 957,6093
339,7928 862,1083
339,7988 777,1349
339,8048 667,3366
339,8108 464,8674
339,8168 353,5974
339,8228 180,0658
339,8288 12,82119
339,8348 -146,4197
339,8409 -257,1387
339,8468 -412,8331
339,8528 -550,7903
339,8589 -695,4766
339,8649 -787,8611
339,8709 -843,8401
339,8769 -961,3102
339,8829 -1001,171
339,8889 -1020,975
339,8949 -1057,357
339,9009 -1045,128
339,9069 -997,1956
339,9129 -988,4999
339,9189 -954,4598
339,9249 -919,2149
339,9309 -881,0708
339,937 -820,562
339,9429 -770,9233
339,9489 -735,5443
339,955 -617,6222
339,961 -603,8651
339,967 -551,9016
339,973 -507,9577
339,979 -464,2688
339,985 -430,7145
339,991 -361,8346
339,997 -346,0475
340,003 -323,3737
340,009 -270,3577
340,015 -233,4829
340,021 -212,8623
340,027 -198,2579
340,033 -166,6987
340,039 -136,0726
340,045 -162,4145
340,0511 -117,6457
340,0571 -146,1113
340,063 -137,7038
340,0691 -100,4009
340,0751 -112,2666
340,0811 -91,75137
340,0871 -80,29091
340,0931 -98,09613
340,0991 -80,69444
340,1051 -89,09497
340,1111 -118,8762
340,1171 -56,42548
340,1231 -63,95145
340,1291 -55,9572
340,1351 -56,19843
340,1411 -54,882
340,1472 -56,32111
340,1532 -60,26251
340,1591 -62,65633
340,1652 -52,09552
340,1712 -48,34411
340,1772 -52,03638
340,1832 -32,06955
340,1892 -49,94857
340,1952 -49,62653
340,2012 -33,00148
340,2072 -69,98289
340,2132 -44,02469
340,2192 -14,8925
340,2252 -27,61227
340,2312 -32,37661
340,2372 -13,49584
340,2433 9,832999
340,2492 -25,58375
340,2552 -20,92366
340,2613 -6,242039
340,2673 -36,74712
340,2733 -31,90666
340,2793 -29,46786
340,2853 -25,75966
340,2913 -22,60845
340,2973 -7,385553
340,3033 -21,62499
340,3093 4,803359
340,3153 -4,138061
340,3213 -6,442802
340,3273 -15,78559
340,3333 5,166965
340,3393 -34,31023
340,3453 33,56593
340,3513 -10,88803
340,3574 -26,42608
340,3634 32,58509
340,3694 10,33918
340,3754 14,27275
340,3814 -13,17541
340,3874 -7,406672
340,3934 6,216858
340,3994 38,83125
340,4054 10,28759
340,4114 28,20816
340,4174 22,41294
340,4234 4,435643
340,4294 7,26612
340,4354 -6,848315
340,4414 0,2713488
340,4474 15,30665
340,4535 12,75531
340,4595 -2,48165
340,4655 7,999106
340,4715 22,89413
340,4775 32,26889
340,4835 -18,62652
340,4895 12,25616
340,4955 36,71154
340,5015 -14,66024
340,5075 -8,527336
340,5135 5,138616
340,5195 6,641363
340,5255 -18,78341
340,5315 -5,582628
340,5375 31,5702
340,5435 13,50467
340,5496 7,640792
340,5555 12,5162
340,5616 12,65645
340,5676 17,06951
340,5736 -12,69422
340,5796 -3,325896
340,5856 6,26572
340,5916 6,647174
340,5976 0,8432886
340,6036 13,98306
340,6096 -16,33338
340,6156 20,73503
340,6216 12,62415
340,6276 -5,27133
340,6336 9,573348
340,6396 9,939817
340,6457 12,62665
340,6516 25,28412
340,6577 22,27772
340,6637 -8,962497
340,6697 46,5995
340,6757 13,41922
340,6817 14,76069
340,6877 -3,252336
340,6937 23,59756
340,6997 40,87615
340,7057 -12,00608
340,7117 0,4521271
340,7177 6,097897
340,7237 5,697823
340,7297 -3,909352
340,7357 2,659471
340,7417 4,293257
340,7477 19,05033
340,7538 6,833254
340,7598 15,73796
340,7658 -9,508359
340,7718 12,38507
340,7778 11,82765
340,7838 -17,05053
340,7898 -14,03341
340,7958 27,23169
340,8018 13,16505
340,8078 19,13993
340,8138 12,43934
340,8198 19,72903
340,8258 -1,958954
340,8318 19,43616
340,8378 -0,4985985
340,8438 7,376843
340,8499 44,04771
340,8559 30,55721
340,8618 -3,147749
340,8679 3,3349
340,8739 14,34493
340,8799 5,93746
340,8859 -7,594592
340,8919 -11,24961
340,8979 9,965848
340,9039 -2,333373
340,9099 -1,526118
340,9159 0,4615571
340,9219 27,49808
340,9279 -4,655691
340,9339 7,964951
340,9399 14,71201
340,946 26,66345
340,952 -10,98962
340,9579 17,61226
340,964 7,312867
340,97 -8,876679
340,976 -7,395416
340,982 32,82291
340,988 9,999023
340,994 0,1339101
341 -8,233135
335 20,51154
335,006 6,613832
335,012 12,57192
335,018 11,15032
335,024 16,87972
335,03 10,60987
335,036 22,6276
335,0421 39,76494
335,048 0,9627823
335,054 22,34623
335,0601 16,22559
335,0661 30,85606
335,0721 -8,577604
335,0781 13,14527
335,0841 29,2247
335,0901 48,28236
335,0961 13,79353
335,1021 34,23227
335,1081 21,49217
335,1141 9,210399
335,1201 33,12687
335,1261 11,6508
335,1321 22,09882
335,1382 -2,984679
335,1441 25,15033
335,1501 7,373295
335,1562 9,387009
335,1622 -18,44308
335,1682 -1,297541
335,1742 34,85263
335,1802 8,475668
335,1862 34,43911
335,1922 32,97263
335,1982 32,63772
335,2042 5,750565
335,2102 11,47064
335,2162 8,945392
335,2222 3,966006
335,2282 6,683753
335,2342 11,59557
335,2402 6,440216
335,2462 19,79346
335,2523 47,32844
335,2583 -11,56295
335,2643 21,47779
335,2703 19,35139
335,2763 3,082474
335,2823 29,83192
335,2883 -4,108164
335,2943 17,88664
335,3003 32,63977
335,3063 5,993446
335,3123 -5,836485
335,3183 9,485033
335,3243 -21,39369
335,3303 34,982
335,3363 -4,855977
335,3423 -1,547737
335,3484 35,36564
335,3543 47,41171
335,3604 27,17439
335,3664 48,87085
335,3724 14,64599
335,3784 38,28638
335,3844 32,4299
335,3904 19,6015
335,3964 14,41376
335,4024 16,69868
335,4084 17,58621
335,4144 19,13185
335,4204 32,11586
335,4264 23,74986
335,4324 3,200415
335,4384 11,13933
335,4445 23,48059
335,4504 26,4227
335,4565 59,28336
335,4625 -13,76599
335,4685 46,57761
335,4745 22,46613
335,4805 -2,866478
335,4865 44,7243
335,4925 -5,74006
335,4985 3,020421
335,5045 6,079026
335,5105 23,66728
335,5165 3,963219
335,5225 23,91699
335,5285 15,72281
335,5345 38,63651
335,5405 6,450958
335,5465 15,81611
335,5526 11,54164
335,5586 -7,486849
335,5646 22,36726
335,5706 5,624396
335,5766 44,92323
335,5826 39,42274
335,5886 7,793742
335,5946 12,77707
335,6006 -8,37675
335,6066 -14,99775
335,6126 -0,1689691
335,6186 43,8299
335,6246 1,746357
335,6306 43,13805
335,6366 32,49465
335,6426 41,07244
335,6487 12,65696
335,6547 3,818116
335,6607 26,14584
335,6667 31,39694
335,6727 20,73857
335,6787 41,32973
335,6847 11,46564
335,6907 15,36277
335,6967 20,51698
335,7027 17,96977
335,7087 -4,724516
335,7147 3,325485
335,7207 43,38345
335,7267 2,476557
335,7327 39,42316
335,7387 23,71753
335,7448 28,35598
335,7508 26,03679
335,7567 7,282141
335,7628 27,46092
335,7688 2,45884
335,7748 23,09178
335,7808 45,14529
335,7868 0,2813428
335,7928 17,65169
335,7988 36,46804
335,8048 32,56802
335,8108 11,75529
335,8168 4,88307
335,8228 2,126783
335,8288 21,4239
335,8348 18,93121
335,8409 30,32668
335,8468 18,10009
335,8528 37,58316
335,8589 18,75174
335,8649 13,77491
335,8709 30,8398
335,8769 18,92369
335,8829 49,18513
335,8889 25,2582
335,8949 30,48325
335,9009 30,41531
335,9069 55,80308
335,9129 18,24963
335,9189 60,83197
335,9249 11,98829
335,9309 26,93174
335,937 32,90727
335,9429 30,89947
335,9489 27,27864
335,955 47,57157
335,961 49,6393
335,967 47,91634
335,973 58,5593
335,979 47,26003
335,985 81,75935
335,991 47,74181
335,997 43,0355
336,003 50,50838
336,009 59,73671
336,015 37,5692
336,021 79,46313
336,027 65,002
336,033 57,29071
336,039 65,90057
336,045 53,31001
336,0511 84,30296
336,0571 72,49216
336,063 65,42482
336,0691 73,11272
336,0751 78,02753
336,0811 65,00671
336,0871 51,43928
336,0931 45,2773
336,0991 49,10052
336,1051 93,88398
336,1111 88,64547
336,1171 106,0733
336,1231 88,64531
336,1291 105,6289
336,1351 78,56367
336,1411 126,2081
336,1472 130,6582
336,1532 121,4726
336,1591 101,6751
336,1652 110,7431
336,1712 126,1185
336,1772 141,4312
336,1832 150,7502
336,1892 210,9416
336,1952 197,3563
336,2012 237,8381
336,2072 249,5931
336,2132 283,8662
336,2192 326,3041
336,2252 356,3353
336,2312 404,4632
336,2372 431,0677
336,2433 457,9323
336,2492 519,7272
336,2552 594,1697
336,2613 656,6024
336,2673 699,3593
336,2733 808,6917
336,2793 824,6257
336,2853 905,8291
336,2913 979,9485
336,2973 1014,87
336,3033 1132,795
336,3093 1128,596
336,3153 1175,259
336,3213 1183,778
336,3273 1209,115
336,3333 1195,535
336,3393 1129,367
336,3453 1117,047
336,3513 1008,708
336,3574 917,759
336,3634 825,434
336,3694 661,4902
336,3754 512,6061
336,3814 331,01
336,3874 172,1034
336,3934 32,83958
336,3994 -158,5919
336,4054 -300,2536
336,4114 -513,6057
336,4174 -611,9586
336,4234 -738,6329
336,4294 -840,4247
336,4354 -936,8785
336,4414 -995,8516
336,4474 -1019,615
336,4535 -1052,756
336,4595 -1069,5
336,4655 -1050,388
336,4715 -1022,688
336,4775 -1004,183
336,4835 -974,9409
336,4895 -925,2491
336,4955 -866,3832
336,5015 -813,3599
336,5075 -730,2757
336,5135 -688,4568
336,5195 -577,7965
336,5255 -567,0211
336,5315 -512,6475
336,5375 -432,8737
336,5435 -399,5924
336,5496 -385,0118
336,5555 -349,8874
336,5616 -308,8596
336,5676 -285,8725
336,5736 -242,0075
336,5796 -249,6047
336,5856 -206,2373
336,5916 -208,7709
336,5976 -163,239
336,6036 -164,7074
336,6096 -150,5284
336,6156 -130,8302
336,6216 -124,2912
336,6276 -99,49715
336,6336 -82,17661
336,6396 -132,4492
336,6457 -88,4493
336,6516 -96,96004
336,6577 -94,85787
336,6637 -79,25446
336,6697 -77,33393
336,6757 -48,47222
336,6817 -86,67281
336,6877 -48,00154
336,6937 -63,9551
336,6997 -67,55341
336,7057 -56,38063
336,7117 -61,25551
336,7177 -68,12449
336,7237 -51,48118
336,7297 -71,52801
336,7357 -23,83653
336,7417 -69,31263
336,7477 -62,87392
336,7538 -56,27056
336,7598 -59,94727
336,7658 -38,16883
336,7718 -29,31785
336,7778 -9,614061
336,7838 -54,70231
336,7898 -34,8453
336,7958 -7,839589
336,8018 -23,65637
336,8078 -0,4660504
336,8138 -22,4234
336,8198 -16,36699
336,8258 -23,94147
336,8318 -6,848948
336,8378 16,99977
336,8438 -21,24837
336,8499 -15,45572
336,8559 -14,54378
336,8618 -19,09003
336,8679 2,008806
336,8739 -3,139987
336,8799 -29,01887
336,8859 -1,876979
336,8919 10,51866
336,8979 19,65903
336,9039 11,17439
336,9099 -6,937362
336,9159 -25,97294
336,9219 8,168444
336,9279 1,710618
336,9339 -1,278519
336,9399 -36,53811
336,946 -0,4977089
336,952 0,2991204
336,9579 -16,60163
336,964 2,154171
336,97 9,934873
336,976 2,359733
336,982 16,59772
336,988 2,712627
336,994 2,485815
337 11,61364
337,006 -12,75768
337,012 -8,934165
337,018 -8,90331
337,024 -1,037798
337,03 -8,52803
337,036 -10,91601
337,0421 -17,46817
337,048 19,44208
337,054 -12,70209
337,0601 2,351341
337,0661 13,58552
337,0721 23,98115
337,0781 9,78062
337,0841 12,44217
337,0901 -10,88544
337,0961 40,36303
337,1021 42,06054
337,1081 6,290469
337,1141 9,582203
337,1201 9,205159
337,1261 3,025463
337,1321 36,60364
337,1382 17,9045
337,1441 21,39902
337,1501 15,25087
337,1562 -6,429196
337,1622 31,73678
337,1682 20,83185
337,1742 14,86898
337,1802 25,14768
337,1862 13,14666
337,1922 32,11228
337,1982 1,833901
337,2042 -17,90716
337,2102 10,04116
337,2162 24,40273
337,2222 3,804884
337,2282 12,76847
337,2342 12,822
337,2402 13,65652
337,2462 1,473059
337,2523 16,14621
337,2583 17,3404
337,2643 -7,667796
337,2703 23,04115
337,2763 13,30662
337,2823 32,99025
337,2883 12,29785
337,2943 25,74308
337,3003 20,52428
337,3063 2,151389
337,3123 27,55654
337,3183 28,03903
337,3243 12,997
337,3303 6,121161
337,3363 9,969458
337,3423 36,37662
337,3484 13,10627
337,3543 -1,072456
337,3604 27,14036
337,3664 12,0826
337,3724 8,651115
337,3784 1,707772
337,3844 47,55815
337,3904 17,70247
337,3964 28,22577
337,4024 32,70174
337,4084 35,77112
337,4144 21,33717
337,4204 33,45995
337,4264 6,134074
337,4324 17,67607
337,4384 7,18078
337,4445 13,17739
337,4504 43,88179
337,4565 -16,0758
337,4625 -8,658672
337,4685 -18,49901
337,4745 -1,957641
337,4805 16,98377
337,4865 18,51606
337,4925 27,00882
337,4985 42,18202
337,5045 53,13419
337,5105 30,81629
337,5165 2,170587
337,5225 44,78783
337,5285 43,36162
337,5345 25,07724
337,5405 -3,109099
337,5465 18,27355
337,5526 -4,350604
337,5586 27,43258
337,5646 -11,03398
337,5706 27,15489
337,5766 36,363
337,5826 26,57705
337,5886 28,14679
337,5946 18,48299
337,6006 24,10011
337,6066 8,337677
337,6126 2,122415
337,6186 34,28992
337,6246 13,23135
337,6306 9,082625
337,6366 10,17482
337,6426 25,82847
337,6487 31,48458
337,6547 44,95885
337,6607 48,66838
337,6667 55,79276
337,6727 30,52049
337,6787 38,05775
337,6847 36,99182
337,6907 31,73425
337,6967 33,25397
337,7027 42,84201
337,7087 59,30663
337,7147 68,90444
337,7207 36,76854
337,7267 43,65645
337,7327 71,14069
337,7387 51,03737
337,7448 52,23701
337,7508 66,63567
337,7567 59,7757
337,7628 53,453
337,7688 52,9871
337,7748 78,50285
337,7808 77,69491
337,7868 93,56499
337,7928 55,94493
337,7988 101,9115
337,8048 87,94957
337,8108 59,3567
337,8168 65,1199
337,8228 57,66144
337,8288 94,62247
337,8348 98,44232
337,8409 83,84348
337,8468 85,90742
337,8528 95,0335
337,8589 81,86411
337,8649 98,48325
337,8709 151,3487
337,8769 112,9103
337,8829 131,2725
337,8889 133,4077
337,8949 155,0063
337,9009 171,9009
337,9069 193,2138
337,9129 209,2655
337,9189 245,1258
337,9249 201,1722
337,9309 310,6832
337,937 316,167
337,9429 362,4543
337,9489 402,0605
337,955 474,3683
337,961 512,1603
337,967 552,5167
337,973 628,1094
337,979 674,6795
337,985 737,3458
337,991 817,9552
337,997 919,7023
338,003 946,6995
338,009 1017,742
338,015 1055,995
338,021 1097,951
338,027 1151,739
338,033 1171,754
338,039 1199,076
338,045 1208,069
338,0511 1158,818
338,0571 1121,592
338,063 1042,762
338,0691 957,1799
338,0751 850,9373
338,0811 705,1511
338,0871 578,1657
338,0931 403,4833
338,0991 208,5105
338,1051 56,9029
338,1111 -93,01075
338,1171 -261,2354
338,1231 -411,3308
338,1291 -531,6912
338,1351 -730,077
338,1411 -803,8055
338,1472 -874,3924
338,1532 -968,2122
338,1591 -1024,193
338,1652 -1039,156
338,1712 -1082,319
338,1772 -1077,041
338,1832 -1053,954
338,1892 -1009,38
338,1952 -984,0759
338,2012 -932,7452
338,2072 -892,1635
338,2132 -807,3512
338,2192 -760,9965
338,2252 -725,5319
338,2312 -648,732
338,2372 -585,3389
338,2433 -543,3405
338,2492 -535,9219
338,2552 -448,9985
338,2613 -426,2016
338,2673 -371,0752
338,2733 -296,6641
338,2793 -298,0344
338,2853 -282,4525
338,2913 -233,5228
338,2973 -194,6734
338,3033 -203,8364
338,3093 -180,332
338,3153 -155,9796
338,3213 -159,9231
338,3273 -116,6089
338,3333 -92,41714
338,3393 -131,8135
338,3453 -97,40501
338,3513 -120,3321
338,3574 -83,27841
338,3634 -78,49157
338,3694 -62,52072
338,3754 -53,294
338,3814 -57,64024
338,3874 -55,89616
338,3934 -52,17812
338,3994 -63,36145
338,4054 -79,70654
338,4114 -74,85387
338,4174 -52,90133
338,4234 -64,52725
338,4294 -94,61424
338,4354 -61,98022
338,4414 -38,31007
338,4474 -39,08701
338,4535 -28,80039
338,4595 -21,27997
338,4655 -52,96346
338,4715 -20,97258
338,4775 -22,59723
338,4835 -23,99934
338,4895 -42,45338
338,4955 -25,3482
338,5015 -7,397656
338,5075 -42,66812
338,5135 -32,91726
338,5195 2,71752
338,5255 6,593942
338,5315 -34,15114
338,5375 -11,6847
338,5435 -14,93529
338,5496 -44,87065
338,5555 -16,8009
338,5616 6,349023
338,5676 -18,69022
338,5736 -8,29973
338,5796 -27,38549
338,5856 20,56006
338,5916 -1,691316
338,5976 -18,86544
338,6036 7,394973
338,6096 -30,20386
338,6156 -7,320962
338,6216 32,48903
338,6276 -22,79969
338,6336 0,6742958
338,6396 13,962
338,6457 -8,687597
338,6516 19,3768
338,6577 -9,42323
338,6637 8,82882
338,6697 29,55916
338,6757 22,67389
338,6817 10,60744
338,6877 0,6185326
338,6937 -9,558539
338,6997 -0,887483
338,7057 -18,41523
338,7117 0,4769064
338,7177 8,8719
338,7237 20,1668
338,7297 10,73134
338,7357 -10,92562
338,7417 -1,837787
338,7477 10,98923
338,7538 10,74125
338,7598 -4,967253
338,7658 30,59263
338,7718 1,50325
338,7778 38,52826
338,7838 11,35698
338,7898 36,73914
338,7958 34,23786
338,8018 27,98501
338,8078 39,75455
338,8138 23,47272
338,8198 0,8528373
338,8258 6,267181
338,8318 16,68608
338,8378 29,93923
338,8438 12,25416
338,8499 -0,4125791
338,8559 2,557408
338,8618 52,7651
338,8679 15,9876
338,8739 10,46173
338,8799 21,36582
338,8859 28,78399
338,8919 26,92129
338,8979 19,39227
338,9039 10,12143
338,9099 29,64807
338,9159 7,084548
338,9219 5,11659
338,9279 27,14229
338,9339 76,6017
338,9399 15,03391
338,946 14,27558
338,952 33,1595
338,9579 -3,520676
338,964 9,393494
338,97 0,4964174
338,976 13,6185
338,982 -0,8993681
338,988 20,74035
338,994 5,077771
339 21,34285
339,006 32,32667
339,012 10,63407
339,018 6,45457
339,024 -3,420942
339,03 31,68847
339,036 14,53686
339,0421 35,64917
339,048 24,56576
339,054 14,46719
339,0601 16,98444
339,0661 15,83131
339,0721 30,95595
339,0781 -3,072626
339,0841 43,82936
339,0901 9,068312
339,0961 24,37396
339,1021 20,4346
339,1081 24,27179
339,1141 9,294375
339,1201 15,62805
339,1261 1,735077
339,1321 13,51677
339,1382 17,81052
339,1441 34,38325
339,1501 30,50923
339,1562 4,183811
339,1622 31,78252
339,1682 23,32815
339,1742 37,02557
339,1802 42,7846
339,1862 40,47138
339,1922 11,31811
339,1982 10,10605
339,2042 31,6993
339,2102 0,8809833
339,2162 49,06403
339,2222 28,3335
339,2282 62,50172
339,2342 22,359
339,2402 47,31719
339,2462 38,20687
339,2523 47,51499
339,2583 25,92711
339,2643 20,81075
339,2703 10,5507
339,2763 71,24029
339,2823 38,09181
339,2883 22,41858
339,2943 1,332863
339,3003 33,18843
339,3063 14,43663
339,3123 36,14358
339,3183 35,07196
339,3243 25,43531
339,3303 51,99228
339,3363 36,24059
339,3423 11,57372
339,3484 39,73741
339,3543 26,7197
339,3604 21,61156
339,3664 8,199996
339,3724 54,72281
339,3784 28,56745
339,3844 25,3714
339,3904 24,73681
339,3964 19,61611
339,4024 36,28352
339,4084 64,33512
339,4144 38,17008
339,4204 48,12018
339,4264 35,82753
339,4324 26,48485
339,4384 34,89608
339,4445 54,38376
339,4504 73,46357
339,4565 57,77413
339,4625 54,81583
339,4685 109,6336
339,4745 70,62084
339,4805 73,70221
339,4865 99,631
339,4925 81,33598
339,4985 74,49773
339,5045 69,42503
339,5105 80,49759
339,5165 95,84701
339,5225 88,57837
339,5285 84,32011
339,5345 105,2584
339,5405 116,3608
339,5465 85,11227
339,5526 81,35034
339,5586 103,5259
339,5646 78,05985
339,5706 125,562
339,5766 124,1273
339,5826 129,249
339,5886 98,29563
339,5946 119,0476
339,6006 110,2484
339,6066 121,7443
339,6126 137,7584
339,6186 127,1047
339,6246 176,6874
339,6306 185,5936
339,6366 224,7758
339,6426 252,3783
339,6487 263,1873
339,6547 299,223
339,6607 329,682
339,6667 361,9114
339,6727 403,0066
339,6787 455,2379
339,6847 488,2916
339,6907 543,2329
339,6967 615,3248
339,7027 673,3778
339,7087 702,4799
339,7147 779,2776
339,7207 852,8523
339,7267 879,9672
339,7327 960,0067
339,7387 1014,626
339,7448 1030,225
339,7508 1097,177
339,7567 1097,533
339,7628 1116,08
339,7688 1104,693
339,7748 1074,866
339,7808 1057,556
339,7868 938,0266
339,7928 870,819
339,7988 772,0471
339,8048 656,1752
339,8108 504,3507
339,8168 370,9724
339,8228 219,323
339,8288 72,08222
339,8348 -76,50751
339,8409 -227,7124
339,8468 -385,5242
339,8528 -531,3334
339,8589 -656,0853
339,8649 -745,5045
339,8709 -841,1545
339,8769 -907,7109
339,8829 -960,4494
339,8889 -980,4232
339,8949 -1007,768
339,9009 -983,4303
339,9069 -998,3136
339,9129 -987,0664
339,9189 -974,9786
339,9249 -901,5562
339,9309 -864,0475
339,937 -798,26
339,9429 -739,1783
339,9489 -727,2247
339,955 -671,2876
339,961 -607,2052
339,967 -536,9652
339,973 -532,8467
339,979 -415,7349
339,985 -417,9491
339,991 -363,7935
339,997 -343,7982
340,003 -300,1043
340,009 -261,1149
340,015 -232,3102
340,021 -209,3442
340,027 -172,0293
340,033 -171,8888
340,039 -134,5193
340,045 -158,7314
340,0511 -163,4801
340,0571 -135,3013
340,063 -111,7612
340,0691 -108,2637
340,0751 -96,01373
340,0811 -96,69582
340,0871 -99,07445
340,0931 -82,42377
340,0991 -97,64581
340,1051 -63,72941
340,1111 -87,37104
340,1171 -67,48074
340,1231 -52,52578
340,1291 -62,72549
340,1351 -76,37446
340,1411 -83,80186
340,1472 -21,38842
340,1532 -29,30828
340,1591 -70,65656
340,1652 -42,39382
340,1712 -65,01432
340,1772 -39,01045
340,1832 -45,42057
340,1892 -52,4087
340,1952 -53,55241
340,2012 -33,26692
340,2072 -67,39137
340,2132 -67,18074
340,2192 -8,574615
340,2252 -40,69759
340,2312 -55,85994
340,2372 -40,17558
340,2433 -8,242209
340,2492 -10,26059
340,2552 7,113863
340,2613 -3,848906
340,2673 0,07753558
340,2733 -3,805575
340,2793 5,815722
340,2853 -29,38956
340,2913 -34,07504
340,2973 -13,89416
340,3033 -3,131224
340,3093 10,21813
340,3153 -11,95412
340,3213 5,500191
340,3273 4,382343
340,3333 -2,375001
340,3393 -1,945101
340,3453 -6,171721
340,3513 12,8436
340,3574 21,03621
340,3634 2,765322
340,3694 -11,72132
340,3754 7,320004
340,3814 2,928738
340,3874 -21,04663
340,3934 -6,054038
340,3994 7,495743
340,4054 32,73762
340,4114 25,51532
340,4174 12,81494
340,4234 4,909574
340,4294 1,132299
340,4354 24,98134
340,4414 11,04577
340,4474 11,71923
340,4535 10,1683
340,4595 19,45646
340,4655 43,93177
340,4715 -7,135441
340,4775 22,05042
340,4835 34,29985
340,4895 12,86637
340,4955 -14,31393
340,5015 12,96065
340,5075 37,09315
340,5135 5,347372
340,5195 46,03429
340,5255 18,06617
340,5315 -8,55493
340,5375 19,61735
340,5435 33,96936
340,5496 11,88367
340,5555 39,6334
340,5616 11,12613
340,5676 19,96884
340,5736 22,43975
340,5796 35,54159
340,5856 -9,941091
340,5916 16,36614
340,5976 2,468244
340,6036 22,82685
340,6096 28,0921
340,6156 16,4125
340,6216 14,72578
340,6276 -7,52907
340,6336 43,68749
340,6396 7,208171
340,6457 4,969162
340,6516 20,32453
340,6577 14,8211
340,6637 13,05443
340,6697 26,39021
340,6757 9,224292
340,6817 17,92852
340,6877 18,95782
340,6937 24,67083
340,6997 30,95084
340,7057 13,6744
340,7117 -4,806392
340,7177 -16,08296
340,7237 5,503507
340,7297 26,85143
340,7357 1,94942
340,7417 4,395791
340,7477 2,201659
340,7538 13,06069
340,7598 -5,18919
340,7658 6,162056
340,7718 34,23912
340,7778 16,96069
340,7838 19,62699
340,7898 8,598727
340,7958 30,53838
340,8018 22,69824
340,8078 6,362229
340,8138 14,81075
340,8198 -5,660171
340,8258 -6,343119
340,8318 14,23453
340,8378 17,8661
340,8438 27,14726
340,8499 13,07261
340,8559 11,42054
340,8618 23,78803
340,8679 -29,27801
340,8739 24,8013
340,8799 27,80121
340,8859 54,7071
340,8919 12,87966
340,8979 27,77481
340,9039 50,45835
340,9099 -16,28086
340,9159 19,0678
340,9219 12,0817
340,9279 22,90496
340,9339 38,64397
340,9399 20,24991
340,946 15,05443
340,952 19,06098
340,9579 9,083002
340,964 15,93402
340,97 29,67473
340,976 1,397205
340,982 30,22923
340,988 7,153269
340,994 19,51875
341 27,23075
335 53,70119
335,006 16,05943
335,012 7,76213
335,018 23,79192
335,024 9,731171
335,03 6,3252
335,036 26,80463
335,0421 -11,70926
335,048 10,21997
335,054 17,22217
335,0601 -9,828384
335,0661 6,77702
335,0721 39,92702
335,0781 18,75569
335,0841 5,774724
335,0901 16,47827
335,0961 12,67707
335,1021 -9,427039
335,1081 24,48843
335,1141 8,923242
335,1201 25,52272
335,1261 -29,08929
335,1321 17,47874
335,1382 9,52219
335,1441 21,75023
335,1501 49,36912
335,1562 15,69044
335,1622 0,1635309
335,1682 21,87438
335,1742 -7,486644
335,1802 10,10377
335,1862 27,87548
335,1922 32,50924
335,1982 27,30895
335,2042 23,55988
335,2102 41,6233
335,2162 35,02608
335,2222 20,1199
335,2282 4,837194
335,2342 9,541964
335,2402 14,02299
335,2462 24,35902
335,2523 6,249413
335,2583 7,755434
335,2643 1,839676
335,2703 13,66008
335,2763 -1,929455
335,2823 15,10884
335,2883 10,6792
335,2943 -1,511087
335,3003 21,87554
335,3063 17,5757
335,3123 17,30471
335,3183 22,35118
335,3243 16,85269
335,3303 27,91613
335,3363 6,006442
335,3423 23,96061
335,3484 7,794436
335,3543 14,77201
335,3604 19,85308
335,3664 -10,40891
335,3724 9,878879
335,3784 23,222
335,3844 -9,159905
335,3904 24,10728
335,3964 24,54466
335,4024 -2,48835
335,4084 9,729008
335,4144 31,44019
335,4204 21,03201
335,4264 23,04376
335,4324 17,10106
335,4384 25,33523
335,4445 18,10461
335,4504 4,342777
335,4565 20,9056
335,4625 24,12894
335,4685 -0,230695
335,4745 34,23064
335,4805 7,388601
335,4865 19,40351
335,4925 1,461254
335,4985 19,78969
335,5045 34,47436
335,5105 16,29321
335,5165 41,18737
335,5225 34,47932
335,5285 0,3794623
335,5345 18,85795
335,5405 3,339678
335,5465 17,58228
335,5526 10,83883
335,5586 9,778681
335,5646 3,108857
335,5706 23,60552
335,5766 3,165387
335,5826 2,502017
335,5886 29,02959
335,5946 30,87469
335,6006 12,12933
335,6066 4,939158
335,6126 -22,4766
335,6186 -6,585005
335,6246 37,79288
335,6306 49,58193
335,6366 3,417184
335,6426 13,9382
335,6487 32,87877
335,6547 22,98995
335,6607 27,83596
335,6667 31,48022
335,6727 19,97966
335,6787 7,348752
335,6847 25,94313
335,6907 3,834942
335,6967 11,77392
335,7027 3,766279
335,7087 -4,461955
335,7147 26,77359
335,7207 26,55725
335,7267 17,69333
335,7327 29,13154
335,7387 25,00171
335,7448 2,225792
335,7508 5,416714
335,7567 33,86909
335,7628 35,94756
335,7688 19,52423
335,7748 16,20514
335,7808 31,61682
335,7868 16,31419
335,7928 13,67034
335,7988 8,322312
335,8048 41,12513
335,8108 -5,065378
335,8168 27,20729
335,8228 16,65719
335,8288 15,19824
335,8348 9,333229
335,8409 27,945
335,8468 15,4261
335,8528 0,5641999
335,8589 26,16207
335,8649 7,27637
335,8709 4,071204
335,8769 29,41248
335,8829 23,90752
335,8889 42,77596
335,8949 9,907674
335,9009 19,18016
335,9069 38,00069
335,9129 26,65206
335,9189 29,4865
335,9249 31,46088
335,9309 21,84638
335,937 44,37267
335,9429 62,68509
335,9489 47,49465
335,955 17,83781
335,961 40,95037
335,967 46,93283
335,973 41,89281
335,979 56,25563
335,985 38,6895
335,991 22,74607
335,997 53,666
336,003 56,72165
336,009 42,57205
336,015 74,48164
336,021 85,66696
336,027 59,97152
336,033 66,03367
336,039 42,09468
336,045 58,40747
336,0511 69,25582
336,0571 78,50285
336,063 100,3549
336,0691 70,4622
336,0751 94,11369
336,0811 83,54428
336,0871 84,53595
336,0931 71,5126
336,0991 97,58974
336,1051 86,49821
336,1111 73,22895
336,1171 104,3732
336,1231 62,25771
336,1291 82,55609
336,1351 78,36758
336,1411 93,80047
336,1472 60,7759
336,1532 104,2264
336,1591 84,88042
336,1652 114,3093
336,1712 132,6547
336,1772 168,7074
336,1832 179,9382
336,1892 166,0099
336,1952 201,8003
336,2012 253,6105
336,2072 222,2361
336,2132 291,5512
336,2192 331,4113
336,2252 365,9581
336,2312 378,8248
336,2372 475,9101
336,2433 490,6322
336,2492 580,2505
336,2552 628,338
336,2613 681,1456
336,2673 761,4984
336,2733 779,5788
336,2793 834,2687
336,2853 932,0959
336,2913 973,7468
336,2973 1050,945
336,3033 1097,49
336,3093 1152,982
336,3153 1155,135
336,3213 1190,072
336,3273 1155,984
336,3333 1140,666
336,3393 1122,247
336,3453 1049,499
336,3513 941,6177
336,3574 854,4286
336,3634 743,1028
336,3694 553,6792
336,3754 452,046
336,3814 293,3235
336,3874 69,10268
336,3934 -64,50513
336,3994 -204,2126
336,4054 -405,3458
336,4114 -532,5706
336,4174 -655,8313
336,4234 -754,6902
336,4294 -832,9932
336,4354 -946,0903
336,4414 -1015,892
336,4474 -1030,443
336,4535 -1046,766
336,4595 -1035,04
336,4655 -1019,799
336,4715 -974,1289
336,4775 -941,6505
336,4835 -934,4769
336,4895 -887,0171
336,4955 -804,0309
336,5015 -747,1875
336,5075 -719,7946
336,5135 -656,9232
336,5195 -605,5693
336,5255 -535,1494
336,5315 -473,2787
336,5375 -468,6123
336,5435 -391,998
336,5496 -385,9141
336,5555 -336,3511
336,5616 -323,0598
336,5676 -284,5191
336,5736 -246,92
336,5796 -221,5389
336,5856 -168,851
336,5916 -159,5749
336,5976 -189,5085
336,6036 -135,8971
336,6096 -89,96519
336,6156 -101,2791
336,6216 -120,0126
336,6276 -125,6167
336,6336 -101,4254
336,6396 -80,84453
336,6457 -83,88756
336,6516 -55,57346
336,6577 -61,73506
336,6637 -82,60934
336,6697 -79,26379
336,6757 -87,10747
336,6817 -85,51373
336,6877 -64,09371
336,6937 -67,46081
336,6997 -65,25793
336,7057 -34,58022
336,7117 -72,25307
336,7177 -46,93684
336,7237 -76,01833
336,7297 -23,79706
336,7357 -46,8297
336,7417 -69,89616
336,7477 -58,13113
336,7538 -51,29395
336,7598 -52,99546
336,7658 -39,29295
336,7718 -48,63793
336,7778 -50,92407
336,7838 -10,84017
336,7898 -9,100198
336,7958 -42,63668
336,8018 -18,97116
336,8078 -25,71879
336,8138 -39,32544
336,8198 -12,25015
336,8258 -59,13596
336,8318 -14,5831
336,8378 -19,58526
336,8438 -16,21965
336,8499 -3,173753
336,8559 -6,279665
336,8618 -11,98038
336,8679 -18,68149
336,8739 -8,831032
336,8799 0,6434522
336,8859 6,592357
336,8919 -28,35187
336,8979 -4,496478
336,9039 13,70994
336,9099 11,96921
336,9159 -24,20121
336,9219 -19,34771
336,9279 0,9777372
336,9339 -0,1004814
336,9399 44,75258
336,946 8,669875
336,952 13,12003
336,9579 -6,559655
336,964 -15,71519
336,97 -2,456582
336,976 18,29175
336,982 5,161067
336,988 -14,55003
336,994 6,793062
337 -21,06267
337,006 -1,086933
337,012 -20,92924
337,018 2,19697
337,024 13,01231
337,03 -21,57893
337,036 20,22448
337,0421 12,39711
337,048 19,19381
337,054 25,96377
337,0601 -27,04827
337,0661 22,61537
337,0721 8,403478
337,0781 -6,549862
337,0841 15,74944
337,0901 -13,85024
337,0961 -0,3948025
337,1021 27,99211
337,1081 12,96047
337,1141 11,18516
337,1201 16,35715
337,1261 2,322122
337,1321 42,27092
337,1382 -17,31573
337,1441 -1,146342
337,1501 19,62923
337,1562 12,77254
337,1622 5,61339
337,1682 22,63561
337,1742 15,31789
337,1802 12,66652
337,1862 -2,051332
337,1922 -7,983988
337,1982 23,78153
337,2042 -9,061695
337,2102 -1,770099
337,2162 8,390974
337,2222 -12,56493
337,2282 19,50528
337,2342 19,40218
337,2402 -7,796946
337,2462 44,18014
337,2523 -6,337119
337,2583 12,56649
337,2643 28,24257
337,2703 10,55708
337,2763 20,76739
337,2823 17,7156
337,2883 4,073898
337,2943 13,43344
337,3003 13,31541
337,3063 15,73121
337,3123 33,78297
337,3183 -16,45556
337,3243 -4,192567
337,3303 11,79346
337,3363 -23,81735
337,3423 14,09135
337,3484 42,95671
337,3543 7,771815
337,3604 15,47592
337,3664 27,43808
337,3724 -18,51174
337,3784 15,5857
337,3844 37,06006
337,3904 24,27217
337,3964 5,017363
337,4024 32,64301
337,4084 -5,359198
337,4144 1,247788
337,4204 42,64084
337,4264 -1,426566
337,4324 34,29399
337,4384 15,2709
337,4445 25,03802
337,4504 4,579794
337,4565 17,54962
337,4625 28,6829
337,4685 1,129613
337,4745 -16,24864
337,4805 -23,62348
337,4865 17,08897
337,4925 -12,85236
337,4985 19,7104
337,5045 59,24566
337,5105 17,51054
337,5165 12,59236
337,5225 37,99644
337,5285 -20,80501
337,5345 16,78858
337,5405 28,34594
337,5465 9,588639
337,5526 26,66636
337,5586 18,8564
337,5646 65,03119
337,5706 20,57025
337,5766 12,97121
337,5826 8,716764
337,5886 5,965802
337,5946 -11,1069
337,6006 22,45372
337,6066 47,92433
337,6126 14,70736
337,6186 43,03404
337,6246 13,78225
337,6306 25,83551
337,6366 15,93781
337,6426 59,61871
337,6487 21,18387
337,6547 36,63102
337,6607 67,20331
337,6667 19,08712
337,6727 27,78495
337,6787 60,19391
337,6847 34,15043
337,6907 92,62875
337,6967 40,05046
337,7027 53,61735
337,7087 61,19396
337,7147 51,91651
337,7207 25,6502
337,7267 48,83094
337,7327 48,31453
337,7387 57,07705
337,7448 37,55273
337,7508 76,96205
337,7567 63,64774
337,7628 57,21527
337,7688 51,44332
337,7748 62,13842
337,7808 68,29382
337,7868 78,99895
337,7928 76,93882
337,7988 54,14262
337,8048 90,16509
337,8108 95,30959
337,8168 67,91813
337,8228 79,80673
337,8288 57,61434
337,8348 55,84084
337,8409 82,17979
337,8468 103,0673
337,8528 97,32407
337,8589 127,7894
337,8649 117,2358
337,8709 125,0012
337,8769 97,08686
337,8829 134,613
337,8889 119,7447
337,8949 151,1987
337,9009 151,1843
337,9069 193,3925
337,9129 200,4593
337,9189 192,3424
337,9249 276,195
337,9309 307,7739
337,937 312,5033
337,9429 402,5873
337,9489 406,2545
337,955 485,8937
337,961 528,3728
337,967 569,6866
337,973 635,172
337,979 670,2133
337,985 756,5995
337,991 830,3368
337,997 873,394
338,003 918,4777
338,009 1027,324
338,015 1037,527
338,021 1135,141
338,027 1138,243
338,033 1134,885
338,039 1174,209
338,045 1153,838
338,0511 1111,699
338,0571 1074,734
338,063 1018,831
338,0691 917,7313
338,0751 799,9375
338,0811 667,1406
338,0871 492,3056
338,0931 335,3992
338,0991 155,0736
338,1051 0,3202695
338,1111 -130,6458
338,1171 -299,2803
338,1231 -469,0748
338,1291 -598,7449
338,1351 -723,8485
338,1411 -839,3281
338,1472 -892,2565
338,1532 -965,7248
338,1591 -1010,769
338,1652 -1071,21
338,1712 -1044,337
338,1772 -1023,24
338,1832 -1049,89
338,1892 -1011,408
338,1952 -922,3038
338,2012 -899,9103
338,2072 -861,1127
338,2132 -807,6492
338,2192 -749,8571
338,2252 -688,4896
338,2312 -640,3374
338,2372 -598,2416
338,2433 -525,9664
338,2492 -463,1262
338,2552 -422,4957
338,2613 -409,767
338,2673 -379,2585
338,2733 -264,9369
338,2793 -289,4714
338,2853 -240,0511
338,2913 -242,4024
338,2973 -178,765
338,3033 -196,2663
338,3093 -172,2175
338,3153 -160,329
338,3213 -142,9494
338,3273 -107,8671
338,3333 -129,3356
338,3393 -125,1567
338,3453 -102,2176
338,3513 -73,87722
338,3574 -95,06136
338,3634 -83,62211
338,3694 -81,43799
338,3754 -83,12719
338,3814 -76,40327
338,3874 -47,08541
338,3934 -55,26566
338,3994 -35,30362
338,4054 -49,36746
338,4114 -82,23135
338,4174 -71,5432
338,4234 -81,58323
338,4294 -46,44431
338,4354 -68,76122
338,4414 -53,26593
338,4474 -59,41313
338,4535 -53,02989
338,4595 -58,03879
338,4655 -82,8082
338,4715 -38,17477
338,4775 -63,35673
338,4835 -21,39423
338,4895 -17,52359
338,4955 -39,4427
338,5015 -37,41545
338,5075 -9,676352
338,5135 -23,84403
338,5195 -60,79632
338,5255 -1,252322
338,5315 -23,04027
338,5375 6,6997
338,5435 6,958228
338,5496 -14,10297
338,5555 -24,63089
338,5616 7,915984
338,5676 -24,24521
338,5736 -8,340296
338,5796 -35,25801
338,5856 -7,046119
338,5916 -2,391958
338,5976 -24,61452
338,6036 -0,5763441
338,6096 20,89717
338,6156 -10,39035
338,6216 17,12804
338,6276 18,58973
338,6336 7,875598
338,6396 22,27664
338,6457 -14,91151
338,6516 11,09886
338,6577 -30,86253
338,6637 2,749287
338,6697 20,16344
338,6757 9,874796
338,6817 -4,403548
338,6877 -30,72917
338,6937 12,72903
338,6997 -29,74688
338,7057 20,05886
338,7117 39,21429
338,7177 26,0139
338,7237 -6,705629
338,7297 16,36028
338,7357 5,597322
338,7417 -13,45765
338,7477 21,72844
338,7538 7,901014
338,7598 19,27999
338,7658 22,13526
338,7718 19,82592
338,7778 -12,17566
338,7838 4,743726
338,7898 40,05405
338,7958 -7,096929
338,8018 18,56974
338,8078 5,987018
338,8138 23,36504
338,8198 -2,793627
338,8258 -31,06666
338,8318 36,93869
338,8378 0,4479762
338,8438 35,46247
338,8499 24,68767
338,8559 27,5084
338,8618 8,291358
338,8679 -8,851766
338,8739 36,621
338,8799 14,64655
338,8859 24,66127
338,8919 -2,404054
338,8979 13,80199
338,9039 36,82395
338,9099 29,6891
338,9159 28,98736
338,9219 -8,502115
338,9279 -5,046952
338,9339 11,77261
338,9399 21,85551
338,946 -7,543299
338,952 37,12432
338,9579 12,71743
338,964 5,912372
338,97 7,916614
338,976 27,6124
338,982 -5,632212
338,988 5,505182
338,994 -2,72759
339 43,2409
339,006 12,80588
339,012 4,92722
339,018 2,168571
339,024 28,914
339,03 14,85755
339,036 40,65207
339,0421 43,47089
339,048 5,536736
339,054 20,689
339,0601 32,68921
339,0661 5,843112
339,0721 21,68786
339,0781 15,50356
339,0841 33,81615
339,0901 23,04164
339,0961 -0,08075625
339,1021 5,38988
339,1081 4,908533
339,1141 43,21352
339,1201 1,972703
339,1261 21,84808
339,1321 34,52682
339,1382 5,3634
339,1441 58,26987
339,1501 23,9869
339,1562 16,64825
339,1622 34,10588
339,1682 30,39895
339,1742 17,571
339,1802 29,06023
339,1862 -5,428344
339,1922 11,35073
339,1982 6,216702
339,2042 1,565458
339,2102 46,47018
339,2162 -2,482236
339,2222 21,95428
339,2282 22,67813
339,2342 57,03044
339,2402 28,43098
339,2462 30,21291
339,2523 6,227354
339,2583 43,82247
339,2643 55,05141
339,2703 3,367671
339,2763 36,10257
339,2823 32,22244
339,2883 24,6353
339,2943 31,52681
339,3003 14,33095
339,3063 37,12721
339,3123 17,54504
339,3183 63,35675
339,3243 38,29377
339,3303 24,79031
339,3363 31,52323
339,3423 24,41471
339,3484 31,7962
339,3543 6,495403
339,3604 17,8378
339,3664 53,80809
339,3724 43,35013
339,3784 11,80275
339,3844 37,80112
339,3904 15,29172
339,3964 29,41739
339,4024 7,800378
339,4084 49,5273
339,4144 56,39202
339,4204 17,89914
339,4264 56,93162
339,4324 58,3551
339,4384 41,91808
339,4445 62,47015
339,4504 37,85373
339,4565 41,91666
339,4625 88,40474
339,4685 79,30353
339,4745 95,9613
339,4805 55,00637
339,4865 72,25047
339,4925 68,18894
339,4985 74,35541
339,5045 82,64381
339,5105 104,1577
339,5165 78,90625
339,5225 81,32356
339,5285 89,34583
339,5345 134,3673
339,5405 58,84481
339,5465 81,27738
339,5526 71,30232
339,5586 75,57954
339,5646 119,3663
339,5706 109,8998
339,5766 90,07539
339,5826 103,6472
339,5886 105,9475
339,5946 104,5281
339,6006 120,9327
339,6066 127,6034
339,6126 144,0039
339,6186 162,4606
339,6246 179,0794
339,6306 191,4808
339,6366 194,91
339,6426 223,4501
339,6487 288,1896
339,6547 299,3571
339,6607 333,6343
339,6667 347,2039
339,6727 414,1447
339,6787 448,4347
339,6847 539,5399
339,6907 552,5126
339,6967 657,4349
339,7027 678,3046
339,7087 737,2595
339,7147 788,8978
339,7207 846,3298
339,7267 902,5338
339,7327 948,0529
339,7387 1021,332
339,7448 1071,816
339,7508 1025,893
339,7567 1105,024
339,7628 1092,504
339,7688 1072,033
339,7748 1051,052
339,7808 995,6361
339,7868 938,9896
339,7928 845,0848
339,7988 729,3601
339,8048 599,9936
339,8108 476,7
339,8168 324,248
339,8228 165,8882
339,8288 3,629271
339,8348 -142,9572
339,8409 -270,9212
339,8468 -425,6312
339,8528 -565,699
339,8589 -714,3026
339,8649 -760,5255
339,8709 -871,2546
339,8769 -902,7853
339,8829 -969,4758
339,8889 -970,2346
339,8949 -991,8235
339,9009 -988,0972
339,9069 -999,1452
339,9129 -947,1728
339,9189 -908,7425
339,9249 -886,5662
339,9309 -810,4573
339,937 -789,1645
339,9429 -734,4191
339,9489 -661,5814
339,955 -614,3895
339,961 -563,4859
339,967 -510,3735
339,973 -489,557
339,979 -424,2786
339,985 -379,9829
339,991 -334,0325
339,997 -294,6884
340,003 -277,0204
340,009 -227,844
340,015 -229,6669
340,021 -211,7366
340,027 -201,9743
340,033 -164,671
340,039 -162,7051
340,045 -149,7229
340,0511 -135,5324
340,0571 -106,8947
340,063 -105,1071
340,0691 -120,6836
340,0751 -75,19578
340,0811 -106,82
340,0871 -103,0186
340,0931 -82,8251
340,0991 -51,85277
340,1051 -57,33717
340,1111 -69,04813
340,1171 -73,56696
340,1231 -56,28387
340,1291 -71,87373
340,1351 -68,62858
340,1411 -54,67854
340,1472 -76,95804
340,1532 -79,51299
340,1591 -51,02088
340,1652 -67,31436
340,1712 -22,78649
340,1772 -33,45177
340,1832 -26,30497
340,1892 -42,32309
340,1952 -26,51143
340,2012 -47,47786
340,2072 -73,75558
340,2132 -28,859
340,2192 -21,83432
340,2252 -54,73451
340,2312 -28,92758
340,2372 -10,48253
340,2433 -15,7044
340,2492 -17,14469
340,2552 -41,83698
340,2613 -43,78387
340,2673 -8,285001
340,2733 -41,7902
340,2793 5,388925
340,2853 -5,845948
340,2913 -30,19434
340,2973 -2,439831
340,3033 -26,85889
340,3093 -20,19416
340,3153 -10,56803
340,3213 -12,50218
340,3273 9,251606
340,3333 5,93197
340,3393 -15,78136
340,3453 30,04711
340,3513 12,97717
340,3574 20,16069
340,3634 6,444088
340,3694 -17,11068
340,3754 37,63795
340,3814 37,05213
340,3874 4,211897
340,3934 -16,26115
340,3994 -6,389842
340,4054 33,12849
340,4114 12,16531
340,4174 4,81864
340,4234 4,789931
340,4294 5,484474
340,4354 -1,418043
340,4414 20,58671
340,4474 -1,405663
340,4535 -2,1403
340,4595 15,02343
340,4655 39,93636
340,4715 21,43924
340,4775 0,8182914
340,4835 6,700352
340,4895 -7,145361
340,4955 16,13419
340,5015 -32,65483
340,5075 12,11809
340,5135 -12,07517
340,5195 15,44275
340,5255 29,31218
340,5315 -23,03102
340,5375 -6,827317
340,5435 9,603175
340,5496 11,99332
340,5555 13,40059
340,5616 23,20874
340,5676 -14,62585
340,5736 33,62676
340,5796 0,6945922
340,5856 -11,47789
340,5916 -9,61566
340,5976 -4,211898
340,6036 29,94067
340,6096 28,20654
340,6156 5,17843
340,6216 21,88375
340,6276 20,97719
340,6336 0,8490785
340,6396 12,29663
340,6457 3,081163
340,6516 28,086
340,6577 12,63974
340,6637 5,710211
340,6697 24,37442
340,6757 9,023642
340,6817 -9,283301
340,6877 11,83104
340,6937 3,109638
340,6997 29,04306
340,7057 -9,518907
340,7117 0,04848446
340,7177 30,67147
340,7237 17,88127
340,7297 18,2879
340,7357 19,89774
340,7417 -7,671797
340,7477 -4,060932
340,7538 22,99358
340,7598 13,69792
340,7658 8,852046
340,7718 -6,49767
340,7778 -2,171514
340,7838 7,551273
340,7898 21,39259
340,7958 20,10748
340,8018 16,31707
340,8078 20,28839
340,8138 11,95516
340,8198 11,64498
340,8258 5,133648
340,8318 -4,651071
340,8378 37,58554
340,8438 38,9571
340,8499 31,08973
340,8559 30,16105
340,8618 15,05671
340,8679 -21,1461
340,8739 25,52385
340,8799 25,66164
340,8859 -4,474308
340,8919 -9,311942
340,8979 32,46244
340,9039 15,47564
340,9099 21,3273
340,9159 9,591623
340,9219 13,68245
340,9279 11,87822
340,9339 35,80042
340,9399 -10,31681
340,946 45,7245
340,952 1,38944
340,9579 24,74261
340,964 10,70672
340,97 21,27837
340,976 14,93405
340,982 23,39757
340,988 44,60867
340,994 31,86279
341 9,70205
335 1,02382
335,006 8,905436
335,012 -0,2104214
335,018 29,34517
335,024 28,11702
335,03 19,73864
335,036 23,81274
335,0421 36,09618
335,048 25,34988
335,054 18,83007
335,0601 43,8459
335,0661 2,522612
335,0721 41,03648
335,0781 4,032044
335,0841 19,31626
335,0901 25,44001
335,0961 -0,4029244
335,1021 3,007167
335,1081 17,33705
335,1141 61,81461
335,1201 30,15607
335,1261 -10,02315
335,1321 15,83796
335,1382 -15,80716
335,1441 -0,8784577
335,1501 18,68279
335,1562 7,519892
335,1622 -21,88098
335,1682 31,56679
335,1742 14,11463
335,1802 60,04852
335,1862 -17,26498
335,1922 -4,880843
335,1982 33,62298
335,2042 26,7628
335,2102 29,58561
335,2162 14,49073
335,2222 23,50746
335,2282 21,24574
335,2342 15,89042
335,2402 18,36742
335,2462 22,43359
335,2523 7,613679
335,2583 8,825956
335,2643 9,261544
335,2703 32,00867
335,2763 29,42723
335,2823 5,447348
335,2883 1,723164
335,2943 44,44647
335,3003 -1,166364
335,3063 8,367629
335,3123 12,09973
335,3183 -9,558031
335,3243 30,57102
335,3303 6,40751
335,3363 -1,577515
335,3423 -6,903691
335,3484 -10,54722
335,3543 24,4638
335,3604 25,39758
335,3664 6,936102
335,3724 9,737132
335,3784 11,46521
335,3844 -21,77875
335,3904 42,50695
335,3964 13,75254
335,4024 20,67616
335,4084 45,4766
335,4144 26,47575
335,4204 3,327343
335,4264 37,85258
335,4324 -12,0661
335,4384 9,243428
335,4445 -5,879876
335,4504 35,82914
335,4565 7,703298
335,4625 -18,13003
335,4685 13,68612
335,4745 -18,53456
335,4805 19,31139
335,4865 9,489388
335,4925 15,26378
335,4985 26,01104
335,5045 27,49436
335,5105 21,92027
335,5165 15,74892
335,5225 31,94955
335,5285 33,3867
335,5345 -5,649435
335,5405 26,64591
335,5465 5,720291
335,5526 23,33925
335,5586 44,07102
335,5646 12,62554
335,5706 -8,197554
335,5766 11,10144
335,5826 -20,21352
335,5886 -11,79975
335,5946 30,6244
335,6006 20,74172
335,6066 7,710724
335,6126 8,424035
335,6186 5,163981
335,6246 15,82847
335,6306 -0,9399641
335,6366 34,97227
335,6426 10,405
335,6487 25,98309
335,6547 -2,349623
335,6607 35,50577
335,6667 7,994146
335,6727 38,55088
335,6787 23,33799
335,6847 -1,430388
335,6907 33,90513
335,6967 22,50007
335,7027 10,68144
335,7087 16,33066
335,7147 38,15357
335,7207 42,29049
335,7267 -14,15553
335,7327 3,834487
335,7387 23,1487
335,7448 17,27198
335,7508 18,97314
335,7567 12,44178
335,7628 34,30295
335,7688 23,90479
335,7748 31,57473
335,7808 5,015198
335,7868 9,869028
335,7928 16,6932
335,7988 -1,295793
335,8048 1,397866
335,8108 8,922204
335,8168 22,40344
335,8228 4,108452
335,8288 22,7642
335,8348 38,55614
335,8409 53,6159
335,8468 26,60902
335,8528 18,28703
335,8589 52,03222
335,8649 24,48219
335,8709 5,482139
335,8769 34,61753
335,8829 41,35686
335,8889 5,496267
335,8949 25,51553
335,9009 10,88594
335,9069 15,98899
335,9129 50,16556
335,9189 24,83797
335,9249 8,0807
335,9309 38,58661
335,937 31,95607
335,9429 50,82172
335,9489 42,4886
335,955 49,17259
335,961 19,33487
335,967 51,57078
335,973 23,65711
335,979 44,67243
335,985 71,30806
335,991 54,65973
335,997 63,21786
336,003 54,8175
336,009 76,40823
336,015 78,19043
336,021 39,8085
336,027 74,2421
336,033 63,35882
336,039 76,26875
336,045 57,48693
336,0511 73,99896
336,0571 75,61749
336,063 39,95725
336,0691 75,35872
336,0751 63,71106
336,0811 76,77909
336,0871 83,88667
336,0931 65,8558
336,0991 68,18893
336,1051 55,12524
336,1111 63,3512
336,1171 107,3958
336,1231 81,03064
336,1291 71,42365
336,1351 118,2023
336,1411 77,92368
336,1472 118,4188
336,1532 102,912
336,1591 92,13676
336,1652 131,7109
336,1712 136,0585
336,1772 141,5486
336,1832 192,7034
336,1892 203,2265
336,1952 209,2758
336,2012 221,2591
336,2072 239,595
336,2132 298,2226
336,2192 320,4998
336,2252 360,0735
336,2312 407,92
336,2372 491,2253
336,2433 517,1527
336,2492 563,6028
336,2552 633,6961
336,2613 698,0687
336,2673 748,9597
336,2733 821,4401
336,2793 878,7546
336,2853 950,9463
336,2913 1011,81
336,2973 1058,918
336,3033 1084,099
336,3093 1117,792
336,3153 1144,45
336,3213 1174,733
336,3273 1145,763
336,3333 1144,118
336,3393 1089,255
336,3453 1010,7
336,3513 939,0751
336,3574 843,7441
336,3634 681,4425
336,3694 558,8628
336,3754 398,6801
336,3814 268,1249
336,3874 90,54426
336,3934 -74,66414
336,3994 -218,0327
336,4054 -419,4019
336,4114 -563,8382
336,4174 -693,0009
336,4234 -781,667
336,4294 -901,3549
336,4354 -929,3491
336,4414 -962,9178
336,4474 -980,1906
336,4535 -1029,792
336,4595 -1012,711
336,4655 -996,6182
336,4715 -985,1808
336,4775 -938,8768
336,4835 -911,4398
336,4895 -847,9124
336,4955 -800,1561
336,5015 -758,9326
336,5075 -713,1806
336,5135 -641,3075
336,5195 -621,1406
336,5255 -549,4809
336,5315 -477,4318
336,5375 -443,674
336,5435 -400,7885
336,5496 -354,3011
336,5555 -318,623
336,5616 -284,7154
336,5676 -247,4981
336,5736 -219,0873
336,5796 -181,3604
336,5856 -168,5305
336,5916 -173,7457
336,5976 -151,136
336,6036 -155,4487
336,6096 -136,0598
336,6156 -113,9319
336,6216 -124,236
336,6276 -98,46857
336,6336 -109,1353
336,6396 -99,77002
336,6457 -85,02933
336,6516 -110,2487
336,6577 -86,42535
336,6637 -57,21175
336,6697 -84,5953
336,6757 -73,36755
336,6817 -78,09788
336,6877 -54,63018
336,6937 -68,52172
336,6997 -56,11049
336,7057 -59,50973
336,7117 -75,19427
336,7177 -67,06872
336,7237 -65,46754
336,7297 -75,5316
336,7357 -56,63135
336,7417 -69,39402
336,7477 -27,01974
336,7538 -55,37831
336,7598 -47,04873
336,7658 -34,15567
336,7718 -37,0873
336,7778 -17,34012
336,7838 -50,84791
336,7898 -50,46867
336,7958 -23,51107
336,8018 -21,33689
336,8078 -23,57295
336,8138 -47,93045
336,8198 -14,54813
336,8258 7,54979
336,8318 -37,20128
336,8378 6,36062
336,8438 -5,643621
336,8499 -14,51668
336,8559 -6,027434
336,8618 -9,514119
336,8679 2,46896
336,8739 11,63175
336,8799 -2,952634
336,8859 31,6305
336,8919 -8,307931
336,8979 28,30853
336,9039 -0,9451262
336,9099 -8,936418
336,9159 -7,570337
336,9219 2,057386
336,9279 28,78679
336,9339 -5,611464
336,9399 37,0288
336,946 8,43679
336,952 -10,60273
336,9579 17,76359
336,964 12,13275
336,97 -3,367704
336,976 10,38601
336,982 -8,285762
336,988 29,53644
336,994 -9,085091
337 5,659408
337,006 -12,94364
337,012 -3,330107
337,018 3,40593
337,024 4,397392
337,03 -8,751798
337,036 -30,22176
337,0421 -10,36749
337,048 11,07827
337,054 24,37166
337,0601 20,69167
337,0661 -5,224921
337,0721 -43,50451
337,0781 15,7723
337,0841 22,585
337,0901 6,357581
337,0961 7,28831
337,1021 17,23409
337,1081 8,602299
337,1141 -6,188266
337,1201 11,4687
337,1261 28,6367
337,1321 15,662
337,1382 5,743783
337,1441 2,99507
337,1501 10,27277
337,1562 1,84422
337,1622 8,843082
337,1682 13,47449
337,1742 6,254443
337,1802 27,08852
337,1862 9,536802
337,1922 -9,492786
337,1982 4,737011
337,2042 -3,06315
337,2102 -11,08284
337,2162 36,76341
337,2222 16,15087
337,2282 10,01818
337,2342 6,040511
337,2402 32,4365
337,2462 32,23845
337,2523 22,90778
337,2583 23,87909
337,2643 16,63876
337,2703 11,45153
337,2763 -15,01342
337,2823 -11,08518
337,2883 12,43736
337,2943 30,33391
337,3003 -12,68112
337,3063 -8,481951
337,3123 8,661011
337,3183 -7,664765
337,3243 23,89159
337,3303 45,10684
337,3363 19,7327
337,3423 20,68748
337,3484 6,8758
337,3543 -4,661372
337,3604 13,65878
337,3664 37,7854
337,3724 21,324
337,3784 -3,408046
337,3844 3,430647
337,3904 19,17014
337,3964 19,42204
337,4024 2,132073
337,4084 10,63661
337,4144 -12,14929
337,4204 27,18015
337,4264 10,25596
337,4324 30,11297
337,4384 -2,784421
337,4445 28,36104
337,4504 30,70691
337,4565 32,3365
337,4625 1,459223
337,4685 7,201304
337,4745 4,218396
337,4805 14,31601
337,4865 15,88225
337,4925 20,90901
337,4985 14,46201
337,5045 26,77401
337,5105 37,37571
337,5165 25,05308
337,5225 -9,891953
337,5285 -12,92342
337,5345 15,04808
337,5405 -14,64598
337,5465 40,24713
337,5526 15,82337
337,5586 38,03792
337,5646 32,36872
337,5706 11,62831
337,5766 54,13224
337,5826 19,68782
337,5886 22,0933
337,5946 16,91364
337,6006 31,29012
337,6066 2,033621
337,6126 52,20398
337,6186 36,63727
337,6246 16,55206
337,6306 21,57644
337,6366 17,2096
337,6426 33,87381
337,6487 -1,178125
337,6547 21,71609
337,6607 48,13855
337,6667 16,68923
337,6727 55,27991
337,6787 36,23748
337,6847 31,42103
337,6907 58,26488
337,6967 26,45183
337,7027 51,2679
337,7087 74,34573
337,7147 47,08694
337,7207 79,63965
337,7267 56,69201
337,7327 30,46609
337,7387 66,00064
337,7448 69,33985
337,7508 35,8883
337,7567 66,65127
337,7628 95,21761
337,7688 73,22501
337,7748 64,70232
337,7808 74,21478
337,7868 71,79145
337,7928 55,96318
337,7988 90,29829
337,8048 78,18067
337,8108 52,40409
337,8168 79,30969
337,8228 73,85164
337,8288 75,98655
337,8348 81,13976
337,8409 95,88068
337,8468 93,8468
337,8528 81,6884
337,8589 94,10172
337,8649 127,0531
337,8709 113,4923
337,8769 151,6639
337,8829 149,8531
337,8889 135,3863
337,8949 154,6022
337,9009 176,7635
337,9069 216,9834
337,9129 217,3732
337,9189 231,6731
337,9249 269,2828
337,9309 318,9725
337,937 352,4396
337,9429 395,9894
337,9489 412,8251
337,955 495,1228
337,961 556,4296
337,967 575,8478
337,973 628,4939
337,979 700,8267
337,985 756,3969
337,991 855,916
337,997 914,2827
338,003 971,8803
338,009 1000,531
338,015 1068,209
338,021 1099,43
338,027 1127,16
338,033 1162,049
338,039 1150,703
338,045 1094,365
338,0511 1134,823
338,0571 1069,104
338,063 931,8452
338,0691 888,383
338,0751 740,2971
338,0811 619,4644
338,0871 486,0128
338,0931 264,3193
338,0991 131,2195
338,1051 -48,24074
338,1111 -177,3126
338,1171 -349,9669
338,1231 -480,8636
338,1291 -631,9136
338,1351 -747,8349
338,1411 -839,5444
338,1472 -913,0844
338,1532 -1002,416
338,1591 -1026,172
338,1652 -1044,557
338,1712 -1052,01
338,1772 -1029,113
338,1832 -1011,109
338,1892 -956,004
338,1952 -911,7773
338,2012 -916,6759
338,2072 -841,4712
338,2132 -785,3117
338,2192 -709,4766
338,2252 -676,039
338,2312 -611,1334
338,2372 -528,4671
338,2433 -544,4556
338,2492 -461,9906
338,2552 -459,919
338,2613 -369,9082
338,2673 -312,7498
338,2733 -304,7391
338,2793 -269,5813
338,2853 -238,1646
338,2913 -191,4402
338,2973 -182,0135
338,3033 -194,4243
338,3093 -148,4284
338,3153 -135,552
338,3213 -111,3401
338,3273 -110,0268
338,3333 -99,01021
338,3393 -89,7742
338,3453 -107,053
338,3513 -93,18232
338,3574 -65,53648
338,3634 -57,08735
338,3694 -68,47184
338,3754 -51,74006
338,3814 -72,58951
338,3874 -80,49831
338,3934 -108,8687
338,3994 -65,8376
338,4054 -53,62217
338,4114 -31,50765
338,4174 -74,14054
338,4234 -56,43851
338,4294 -78,32099
338,4354 -65,68307
338,4414 -27,92517
338,4474 -54,50514
338,4535 -32,75597
338,4595 -39,43582
338,4655 -38,63701
338,4715 -52,64266
338,4775 -34,7661
338,4835 -53,12787
338,4895 -34,51825
338,4955 -26,88617
338,5015 -23,75512
338,5075 -33,87921
338,5135 -26,79043
338,5195 -15,88126
338,5255 -19,41654
338,5315 -38,23573
338,5375 -22,09964
338,5435 -16,44943
338,5496 -30,59645
338,5555 -18,40028
338,5616 -18,44649
338,5676 3,078352
338,5736 -31,29683
338,5796 -57,81656
338,5856 -8,874654
338,5916 -1,938808
338,5976 31,58939
338,6036 -18,4695
338,6096 -30,68864
338,6156 15,29057
338,6216 4,714554
338,6276 12,06266
338,6336 -6,978126
338,6396 4,777571
338,6457 6,800761
338,6516 -31,06603
338,6577 -11,6194
338,6637 32,18979
338,6697 -3,795968
338,6757 3,40848
338,6817 3,499002
338,6877 24,5039
338,6937 -9,719029
338,6997 30,64053
338,7057 -15,699
338,7117 16,26673
338,7177 10,01756
338,7237 -17,0276
338,7297 17,24286
338,7357 1,267871
338,7417 -9,187396
338,7477 3,096407
338,7538 16,69705
338,7598 5,647844
338,7658 1,481168
338,7718 15,75539
338,7778 0,3165992
338,7838 9,988681
338,7898 19,99512
338,7958 15,81049
338,8018 8,908994
338,8078 -6,174293
338,8138 -20,91877
338,8198 23,31273
338,8258 38,72119
338,8318 17,88467
338,8378 10,08974
338,8438 -8,83411
338,8499 19,56905
338,8559 22,28827
338,8618 -5,247381
338,8679 30,69989
338,8739 35,55201
338,8799 33,76202
338,8859 18,3034
338,8919 27,94078
338,8979 13,09809
338,9039 8,251249
338,9099 -12,73488
338,9159 26,37931
338,9219 31,15916
338,9279 30,29152
338,9339 22,06859
338,9399 39,48846
338,946 37,25444
338,952 -1,174089
338,9579 22,03117
338,964 22,35725
338,97 15,90015
338,976 51,98265
338,982 14,0571
338,988 21,19912
338,994 34,42562
339 43,76136
339,006 32,23571
339,012 28,24208
339,018 42,34398
339,024 20,81715
339,03 29,65216
339,036 -6,160866
339,0421 29,80069
339,048 30,64196
339,054 6,943691
339,0601 4,779104
339,0661 9,963399
339,0721 36,39947
339,0781 26,50416
339,0841 31,15859
339,0901 24,8188
339,0961 18,4368
339,1021 31,76736
339,1081 32,42926
339,1141 -0,6277993
339,1201 23,19159
339,1261 69,97388
339,1321 15,40848
339,1382 8,17732
339,1441 63,95563
339,1501 23,27671
339,1562 28,2429
339,1622 18,73454
339,1682 29,37386
339,1742 36,5617
339,1802 36,23
339,1862 12,04422
339,1922 28,77444
339,1982 29,47056
339,2042 29,04404
339,2102 13,1273
339,2162 28,45237
339,2222 24,65735
339,2282 45,52601
339,2342 20,37647
339,2402 51,23122
339,2462 -1,66168
339,2523 44,9727
339,2583 17,78729
339,2643 28,87261
339,2703 13,23158
339,2763 13,91168
339,2823 35,05133
339,2883 35,39793
339,2943 48,08237
339,3003 25,00958
339,3063 46,88953
339,3123 43,45872
339,3183 43,6294
339,3243 29,41576
339,3303 40,98233
339,3363 19,48651
339,3423 74,93012
339,3484 51,10295
339,3543 13,04097
339,3604 45,5741
339,3664 54,89863
339,3724 19,59836
339,3784 49,04058
339,3844 39,48131
339,3904 29,46371
339,3964 45,21978
339,4024 75,95615
339,4084 20,48629
339,4144 58,4083
339,4204 52,83677
339,4264 56,20146
339,4324 71,45894
339,4384 55,85029
339,4445 58,49576
339,4504 64,22945
339,4565 79,98621
339,4625 51,74404
339,4685 59,36244
339,4745 91,20472
339,4805 104,2249
339,4865 85,76292
339,4925 88,95872
339,4985 74,45231
339,5045 111,2812
339,5105 56,40772
339,5165 83,9144
339,5225 79,29216
339,5285 78,27708
339,5345 99,16177
339,5405 91,97703
339,5465 80,39091
339,5526 77,5321
339,5586 122,6312
339,5646 104,6637
339,5706 104,7599
339,5766 100,4576
339,5826 120,2095
339,5886 115,9004
339,5946 118,24
339,6006 148,0505
339,6066 153,3231
339,6126 169,3171
339,6186 195,058
339,6246 200,6686
339,6306 207,9441
339,6366 225,5069
339,6426 250,3392
339,6487 293,1935
339,6547 305,7307
339,6607 321,2095
339,6667 413,0238
339,6727 453,4171
339,6787 472,1355
339,6847 523,4368
339,6907 608,7446
339,6967 630,5778
339,7027 691,3795
339,7087 733,7549
339,7147 791,4999
339,7207 877,7756
339,7267 907,202
339,7327 970,7249
339,7387 1031,995
339,7448 1040,219
339,7508 1077,714
339,7567 1092,965
339,7628 1081,474
339,7688 1074,278
339,7748 1040,409
339,7808 982,9417
339,7868 901,5798
339,7928 813,6931
339,7988 715,9879
339,8048 614,9649
339,8108 450,5198
339,8168 310,036
339,8228 147,4857
339,8288 -20,44056
339,8348 -153,1229
339,8409 -299,2229
339,8468 -466,1358
339,8528 -564,3701
339,8589 -652,2933
339,8649 -779,4105
339,8709 -854,4467
339,8769 -896,4681
339,8829 -947,0321
339,8889 -958,7786
339,8949 -983,154
339,9009 -1003,796
339,9069 -960,6234
339,9129 -910,3015
339,9189 -887,3918
339,9249 -846,6555
339,9309 -802,1358
339,937 -739,3486
339,9429 -668,5707
339,9489 -648,1158
339,955 -591,5496
339,961 -551,1015
339,967 -481,5111
339,973 -467,1844
339,979 -392,8927
339,985 -356,8806
339,991 -340,3648
339,997 -287,7244
340,003 -292,5747
340,009 -241,4084
340,015 -211,172
340,021 -168,4148
340,027 -159,4919
340,033 -136,2793
340,039 -146,946
340,045 -117,9111
340,0511 -121,6679
340,0571 -69,82294
340,063 -103,7275
340,0691 -83,51597
340,0751 -67,23087
340,0811 -73,93036
340,0871 -61,83714
340,0931 -61,40701
340,0991 -79,99464
340,1051 -33,98359
340,1111 -86,53793
340,1171 -70,44653
340,1231 -39,67628
340,1291 -24,22997
340,1351 -41,31881
340,1411 -39,49788
340,1472 -7,082966
340,1532 -55,23339
340,1591 -36,50157
340,1652 -33,82141
340,1712 -40,64249
340,1772 -36,98178
340,1832 -14,52338
340,1892 -5,345576
340,1952 -22,09001
340,2012 -10,4201
340,2072 -12,58621
340,2132 -30,5265
340,2192 -36,37596
340,2252 -41,41723
340,2312 -29,51303
340,2372 -5,129783
340,2433 3,300427
340,2492 12,48759
340,2552 21,93831
340,2613 10,76267
340,2673 7,439034
340,2733 -5,594528
340,2793 24,22968
340,2853 22,27754
340,2913 19,29315
340,2973 -0,427905
340,3033 -18,34091
340,3093 -5,191237
340,3153 10,89601
340,3213 -14,09951
340,3273 15,32283
340,3333 31,50647
340,3393 20,38641
340,3453 9,911568
340,3513 40,5039
340,3574 -28,83667
340,3634 24,05359
340,3694 22,36485
340,3754 20,33941
340,3814 48,31945
340,3874 25,02072
340,3934 15,00434
340,3994 41,98698
340,4054 8,886125
340,4114 27,24911
340,4174 17,96882
340,4234 23,13055
340,4294 11,21849
340,4354 9,811168
340,4414 10,29291
340,4474 9,305135
340,4535 24,09896
340,4595 9,016758
340,4655 33,22007
340,4715 7,035762
340,4775 21,31302
340,4835 21,55205
340,4895 -26,15529
340,4955 19,80631
340,5015 27,01362
340,5075 -4,50318
340,5135 34,69315
340,5195 25,94208
340,5255 -19,3376
340,5315 35,10523
340,5375 17,08465
340,5435 33,10578
340,5496 33,19592
340,5555 8,548346
340,5616 0,6039801
340,5676 34,9997
340,5736 1,195081
340,5796 25,09272
340,5856 15,04812
340,5916 -21,98968
340,5976 67,0149
340,6036 32,51818
340,6096 20,21288
340,6156 56,25257
340,6216 21,67296
340,6276 42,30381
340,6336 13,6297
340,6396 32,56739
340,6457 10,80286
340,6516 14,77979
340,6577 23,04472
340,6637 12,61891
340,6697 11,90571
340,6757 -8,922847
340,6817 44,02081
340,6877 1,998284
340,6937 27,30499
340,6997 16,44215
340,7057 23,24846
340,7117 37,39956
340,7177 35,83202
340,7237 44,64367
340,7297 40,56075
340,7357 1,729833
340,7417 29,39134
340,7477 15,90027
340,7538 10,1659
340,7598 19,01465
340,7658 19,36386
340,7718 -0,1157924
340,7778 19,12534
340,7838 33,45765
340,7898 30,32382
340,7958 20,5901
340,8018 11,32347
340,8078 30,13655
340,8138 18,11703
340,8198 -27,73192
340,8258 22,1405
340,8318 21,45476
340,8378 -2,460413
340,8438 8,103676
340,8499 49,69111
340,8559 33,29692
340,8618 36,88463
340,8679 10,33118
340,8739 40,28804
340,8799 51,18369
340,8859 -4,154157
340,8919 48,88177
340,8979 44,07523
340,9039 9,553249
340,9099 28,82547
340,9159 -1,045801
340,9219 0,7974657
340,9279 13,25281
340,9339 25,45863
340,9399 40,8542
340,946 28,10503
340,952 6,333549
340,9579 14,48449
340,964 12,52938
340,97 5,988605
340,976 -4,367376
340,982 40,71658
340,988 35,8294
340,994 66,09284
341 43,75942
