333 13,7841
333,008 18,21414
333,016 21,34967
333,024 23,05
333,032 23,99669
333,04 25,18047
333,048 27,36265
333,0561 30,83494
333,0641 35,43027
333,0721 40,68791
333,0801 46,13651
333,0881 51,54066
333,0961 56,90954
333,1041 62,31949
333,1121 67,80544
333,1201 73,39399
333,1281 79,09935
333,1361 84,82108
333,1441 90,34441
333,1522 95,54501
333,1602 100,5729
333,1682 105,7823
333,1762 111,4938
333,1842 117,8071
333,1922 124,5204
333,2002 131,1345
333,2082 137,0351
333,2162 141,8899
333,2242 146,0026
333,2322 150,2465
333,2402 155,5306
333,2483 162,2092
333,2563 169,9076
333,2643 177,8317
333,2723 185,255
333,2803 191,8925
333,2883 198,0592
333,2963 204,5226
333,3043 211,9979
333,3123 220,5672
333,3203 229,567
333,3283 238,1339
333,3363 245,9023
333,3443 253,1667
333,3524 260,4134
333,3604 267,7997
333,3684 275,1164
333,3764 282,1466
333,3844 288,9236
333,3924 295,6278
333,4004 302,3476
333,4084 309,0429
333,4164 315,7423
333,4244 322,6837
333,4324 330,1592
333,4404 338,194
333,4485 346,4438
333,4565 354,4724
333,4645 362,1119
333,4725 369,5337
333,4805 377,053
333,4885 384,9631
333,4965 393,5124
333,5045 402,8565
333,5125 412,8773
333,5205 423,0278
333,5285 432,4793
333,5365 440,6424
333,5446 447,7202
333,5526 454,7277
333,5605 462,7877
333,5686 472,2664
333,5766 482,5703
333,5846 492,7463
333,5926 502,224
333,6006 511,0634
333,6086 519,7123
333,6166 528,6295
333,6246 537,9757
333,6326 547,459
333,6407 556,4523
333,6487 564,362
333,6566 570,9636
333,6647 576,455
333,6727 581,2782
333,6807 585,8963
333,6887 590,6432
333,6967 595,7388
333,7047 601,5104
333,7127 608,6117
333,7207 617,8632
333,7287 629,6473
333,7367 643,3453
333,7448 657,4144
333,7527 670,1552
333,7608 680,6101
333,7688 688,9621
333,7768 696,271
333,7848 703,8639
333,7928 712,7689
333,8008 723,3672
333,8088 735,306
333,8168 747,7325
333,8248 759,7993
333,8328 771,1078
333,8409 781,7375
333,8488 791,9413
333,8568 801,9395
333,8649 811,9972
333,8729 822,4581
333,8809 833,425
333,8889 844,3863
333,8969 854,4277
333,9049 863,0771
333,9129 870,9507
333,9209 879,3868
333,9289 889,3316
333,937 900,6008
333,9449 912,2504
333,9529 923,6348
333,961 935,0825
333,969 947,5619
333,977 961,7034
333,985 977,107
333,993 992,5284
334,001 1006,711
334,009 1019,14
334,017 1030,184
334,025 1040,654
334,033 1051,175
334,041 1061,857
334,049 1072,414
334,0571 1082,591
334,0651 1092,555
334,0731 1102,932
334,0811 1114,407
334,0891 1127,133
334,0971 1140,477
334,1051 1153,466
334,1131 1165,606
334,1211 1177,305
334,1291 1189,459
334,1371 1202,591
334,1451 1216,369
334,1532 1229,912
334,1612 1242,501
334,1692 1254,065
334,1772 1265,142
334,1852 1276,516
334,1932 1288,82
334,2012 1302,3
334,2092 1316,809
334,2172 1331,99
334,2252 1347,504
334,2332 1363,149
334,2412 1378,829
334,2492 1394,403
334,2573 1409,57
334,2653 1423,928
334,2733 1437,269
334,2813 1449,958
334,2893 1462,969
334,2973 1477,384
334,3053 1493,653
334,3133 1511,316
334,3213 1529,517
334,3293 1547,821
334,3373 1566,436
334,3453 1585,619
334,3534 1605,01
334,3614 1623,69
334,3694 1640,857
334,3774 1656,324
334,3854 1670,405
334,3934 1683,552
334,4014 1696,245
334,4094 1709,105
334,4174 1722,851
334,4254 1738,015
334,4334 1754,758
334,4414 1772,954
334,4495 1792,35
334,4575 1812,579
334,4655 1833,152
334,4735 1853,566
334,4815 1873,46
334,4895 1892,661
334,4975 1911,159
334,5055 1929,066
334,5135 1946,48
334,5215 1963,376
334,5295 1979,803
334,5375 1996,359
334,5455 2014,29
334,5536 2034,719
334,5616 2057,547
334,5696 2081,203
334,5776 2103,668
334,5856 2123,876
334,5936 2142,299
334,6016 2160,361
334,6096 2179,335
334,6176 2199,597
334,6256 2220,635
334,6336 2241,621
334,6416 2262,011
334,6497 2281,836
334,6577 2301,615
334,6657 2322,066
334,6737 2343,76
334,6817 2366,835
334,6897 2390,964
334,6977 2415,525
334,7057 2439,819
334,7137 2463,226
334,7217 2485,427
334,7297 2506,708
334,7377 2528,048
334,7458 2550,687
334,7538 2575,383
334,7617 2601,932
334,7698 2629,356
334,7778 2656,629
334,7858 2683,386
334,7938 2710,097
334,8018 2737,513
334,8098 2765,812
334,8178 2794,169
334,8258 2821,231
334,8338 2846,14
334,8418 2869,254
334,8499 2891,997
334,8578 2915,991
334,8659 2942,085
334,8739 2969,938
334,8819 2998,446
334,8899 3026,618
334,8979 3054,103
334,9059 3080,987
334,9139 3107,368
334,9219 3133,379
334,9299 3159,554
334,9379 3186,857
334,946 3216,133
334,9539 3247,52
334,962 3280,391
334,97 3313,809
334,978 3347,038
334,986 3379,785
334,994 3412,187
335,002 3444,59
335,01 3477,218
335,018 3509,899
335,026 3542,109
335,034 3573,363
335,0421 3603,674
335,05 3633,709
335,058 3664,532
335,0661 3697,126
335,0741 3731,984
335,0821 3768,966
335,0901 3807,428
335,0981 3846,501
335,1061 3885,408
335,1141 3923,658
335,1221 3961,031
335,1301 3997,427
335,1382 4032,841
335,1461 4067,499
335,1541 4101,937
335,1622 4136,819
335,1702 4172,709
335,1782 4210,013
335,1862 4248,984
335,1942 4289,579
335,2022 4331,228
335,2102 4372,906
335,2182 4413,669
335,2262 4453,358
335,2342 4492,87
335,2422 4533,676
335,2502 4576,896
335,2583 4622,685
335,2663 4670,348
335,2743 4718,883
335,2823 4767,42
335,2903 4815,393
335,2983 4862,575
335,3063 4909,042
335,3143 4954,978
335,3223 5000,526
335,3303 5045,918
335,3383 5091,814
335,3463 5139,36
335,3543 5189,629
335,3624 5242,815
335,3704 5297,905
335,3784 5353,264
335,3864 5407,728
335,3944 5461,285
335,4024 5514,743
335,4104 5568,742
335,4184 5623,088
335,4264 5676,989
335,4344 5729,813
335,4424 5781,579
335,4504 5832,884
335,4585 5884,614
335,4665 5937,692
335,4745 5992,835
335,4825 6050,273
335,4905 6109,658
335,4985 6170,338
335,5065 6231,748
335,5145 6293,526
335,5225 6355,396
335,5305 6417,121
335,5385 6478,719
335,5465 6540,606
335,5546 6603,36
335,5626 6667,233
335,5706 6731,845
335,5786 6796,348
335,5866 6859,941
335,5946 6922,402
335,6026 6984,282
335,6106 7046,635
335,6186 7110,446
335,6266 7176,17
335,6346 7243,667
335,6426 7312,508
335,6507 7382,337
335,6587 7453,013
335,6667 7524,463
335,6747 7596,463
335,6827 7668,694
335,6907 7741,117
335,6987 7814,257
335,7067 7889,01
335,7147 7966,104
335,7227 8045,749
335,7307 8127,679
335,7387 8211,322
335,7467 8295,838
335,7548 8380,112
335,7628 8462,927
335,7708 8543,382
335,7788 8621,411
335,7868 8698,038
335,7948 8775,044
335,8028 8854,123
335,8108 8936,072
335,8188 9020,542
335,8268 9106,429
335,8348 9192,59
335,8428 9278,509
335,8509 9364,549
335,8589 9451,591
335,8669 9540,209
335,8749 9630,05
335,8829 9720,008
335,8909 9809,11
335,8989 9897,336
335,9069 9985,716
335,9149 10075,7
335,9229 10168,33
335,9309 10263,83
335,9389 10361,64
335,947 10460,8
335,955 10560,32
335,963 10659,25
335,971 10756,85
335,979 10852,83
335,987 10947,6
335,995 11042,08
336,003 11137,24
336,011 11233,45
336,019 11330,4
336,027 11427,41
336,035 11524
336,043 11620,23
336,0511 11716,73
336,0591 11814,5
336,0671 11914,59
336,0751 12017,59
336,0831 12123,2
336,0911 12230,13
336,0991 12336,51
336,1071 12440,48
336,1151 12540,84
336,1231 12637,62
336,1311 12732,25
336,1391 12826,96
336,1472 12923,46
336,1552 13021,93
336,1632 13121,32
336,1712 13220,63
336,1792 13319,93
336,1872 13420,14
336,1952 13521,96
336,2032 13625,02
336,2112 13728,08
336,2192 13829,66
336,2272 13928,59
336,2352 14024,07
336,2433 14115,56
336,2513 14202,97
336,2592 14287,05
336,2673 14369,46
336,2753 14452,2
336,2833 14536,64
336,2913 14623,01
336,2993 14710,7
336,3073 14799,05
336,3153 14887,38
336,3233 14974,5
336,3313 15058,6
336,3393 15138,04
336,3474 15212,59
336,3553 15283,73
336,3634 15353,62
336,3714 15423,75
336,3794 15494,3
336,3874 15564,4
336,3954 15632,78
336,4034 15698,2
336,4114 15759,58
336,4194 15816,54
336,4274 15869,92
336,4354 15921,48
336,4435 15972,57
336,4514 16023,01
336,4595 16071,2
336,4675 16115,55
336,4755 16155,66
336,4835 16192,57
336,4915 16227,82
336,4995 16262,32
336,5075 16295,61
336,5155 16325,84
336,5235 16350,72
336,5315 16368,68
336,5396 16379,74
336,5475 16385,25
336,5555 16386,9
336,5636 16385,61
336,5716 16381,06
336,5796 16372,16
336,5876 16357,97
336,5956 16338,3
336,6036 16313,53
336,6116 16283,96
336,6196 16249,25
336,6276 16208,82
336,6357 16162,64
336,6436 16111,68
336,6516 16057,23
336,6597 15999,72
336,6677 15938,22
336,6757 15871,17
336,6837 15797,81
336,6917 15718,87
336,6997 15635,83
336,7077 15549,71
336,7157 15460,29
336,7237 15366,52
336,7317 15267,49
336,7397 15162,91
336,7477 15052,83
336,7558 14937,08
336,7638 14815,16
336,7718 14686,64
336,7798 14551,51
336,7878 14410,29
336,7958 14263,78
336,8038 14112,99
336,8118 13959,03
336,8198 13802,91
336,8278 13645,09
336,8358 13485,04
336,8438 13321,16
336,8518 13151,53
336,8599 12974,96
336,8679 12791,66
336,8759 12602,9
336,8839 12409,92
336,8919 12213,07
336,8999 12011,92
336,9079 11805,95
336,9159 11595,34
336,9239 11381,04
336,9319 11164,34
336,9399 10946,1
336,9479 10726,24
336,956 10503,8
336,964 10277,45
336,972 10046,37
336,98 9810,905
336,988 9572,539
336,996 9332,909
337,004 9092,695
337,012 8851,346
337,02 8607,874
337,028 8361,773
337,036 8113,18
337,044 7862,458
337,0521 7610,006
337,0601 7356,39
337,0681 7102,253
337,0761 6847,811
337,0841 6592,542
337,0921 6335,698
337,1001 6077,227
337,1081 5818,181
337,1161 5560,197
337,1241 5304,625
337,1321 5052,074
337,1401 4802,51
337,1482 4555,487
337,1562 4310,244
337,1642 4065,733
337,1722 3820,819
337,1802 3574,634
337,1882 3326,952
337,1962 3078,375
337,2042 2830,168
337,2122 2583,68
337,2202 2339,679
337,2282 2098,171
337,2362 1858,887
337,2442 1621,895
337,2523 1387,562
337,2603 1155,926
337,2683 926,273
337,2763 697,4982
337,2843 468,8646
337,2923 240,3318
337,3003 12,23208
337,3083 -215,1886
337,3163 -441,8535
337,3243 -667,6246
337,3323 -892,1475
337,3403 -1114,948
337,3484 -1335,641
337,3564 -1554,129
337,3643 -1770,76
337,3724 -1986,297
337,3804 -2201,497
337,3884 -2416,456
337,3964 -2630,36
337,4044 -2842,024
337,4124 -3050,797
337,4204 -3256,956
337,4284 -3461,169
337,4364 -3663,525
337,4445 -3863,111
337,4525 -4058,671
337,4604 -4249,759
337,4685 -4437,206
337,4765 -4622,424
337,4845 -4806,322
337,4925 -4988,981
337,5005 -5170,277
337,5085 -5350,484
337,5165 -5530,041
337,5245 -5708,781
337,5325 -5885,664
337,5405 -6059,48
337,5486 -6229,893
337,5565 -6397,747
337,5646 -6564,36
337,5726 -6730,489
337,5806 -6895,825
337,5886 -7059,204
337,5966 -7219,184
337,6046 -7374,669
337,6126 -7525,414
337,6206 -7672,252
337,6286 -7816,831
337,6366 -7960,86
337,6447 -8105,245
337,6526 -8249,661
337,6607 -8392,93
337,6687 -8533,977
337,6767 -8672,628
337,6847 -8809,587
337,6927 -8945,685
337,7007 -9081,042
337,7087 -9214,703
337,7167 -9344,878
337,7247 -9469,756
337,7327 -9588,567
337,7408 -9702,276
337,7487 -9813,284
337,7567 -9924,291
337,7648 -10037,07
337,7728 -10151,88
337,7808 -10267,58
337,7888 -10382,33
337,7968 -10494,46
337,8048 -10602,99
337,8128 -10707,73
337,8208 -10808,89
337,8288 -10906,69
337,8368 -11001,25
337,8448 -11092,56
337,8528 -11180,73
337,8609 -11266,17
337,8689 -11349,56
337,8769 -11431,52
337,8849 -11512,27
337,8929 -11591,54
337,9009 -11668,87
337,9089 -11743,96
337,9169 -11816,8
337,9249 -11887,6
337,9329 -11956,59
337,9409 -12023,81
337,9489 -12088,98
337,957 -12151,61
337,965 -12211,47
337,973 -12268,9
337,981 -12324,57
337,989 -12378,77
337,997 -12431,1
338,005 -12480,76
338,013 -12527,27
338,021 -12570,84
338,029 -12612,07
338,037 -12651,26
338,045 -12688,08
338,053 -12721,66
338,0611 -12751
338,0691 -12775,39
338,0771 -12794,83
338,0851 -12810,45
338,0931 -12824,62
338,1011 -12840,17
338,1091 -12859,1
338,1171 -12881,49
338,1251 -12905,45
338,1331 -12927,96
338,1411 -12946,08
338,1491 -12957,64
338,1572 -12961,72
338,1652 -12959,16
338,1732 -12952,67
338,1812 -12945,79
338,1892 -12941
338,1972 -12938,35
338,2052 -12935,88
338,2132 -12931,26
338,2212 -12923,06
338,2292 -12911,01
338,2372 -12895,66
338,2452 -12878,08
338,2533 -12859,5
338,2613 -12840,74
338,2693 -12821,52
338,2773 -12800,46
338,2853 -12775,67
338,2933 -12746
338,3013 -12711,72
338,3093 -12674,58
338,3173 -12636,96
338,3253 -12600,85
338,3333 -12566,99
338,3413 -12534,89
338,3493 -12503,49
338,3574 -12471,75
338,3654 -12438,81
338,3734 -12403,92
338,3814 -12366,43
338,3894 -12325,94
338,3974 -12282,25
338,4054 -12235,06
338,4134 -12184,12
338,4214 -12129,86
338,4294 -12073,79
338,4374 -12017,9
338,4454 -11963,43
338,4535 -11909,96
338,4615 -11855,75
338,4695 -11798,89
338,4775 -11738,6
338,4855 -11675,73
338,4935 -11612,24
338,5015 -11549,86
338,5095 -11489,11
338,5175 -11429,31
338,5255 -11369,52
338,5335 -11309,31
338,5415 -11248,89
338,5496 -11188,63
338,5576 -11128,63
338,5656 -11068,47
338,5736 -11007,14
338,5816 -10943,36
338,5896 -10875,94
338,5976 -10804,43
338,6056 -10729,43
338,6136 -10652,57
338,6216 -10575,86
338,6296 -10500,69
338,6376 -10427,18
338,6457 -10354,47
338,6537 -10281,79
338,6617 -10209,3
338,6697 -10137,93
338,6777 -10068,54
338,6857 -10001,27
338,6937 -9935,533
338,7017 -9870,342
338,7097 -9804,569
338,7177 -9737,018
338,7257 -9666,729
338,7337 -9593,653
338,7417 -9519,085
338,7498 -9445,168
338,7578 -9373,691
338,7658 -9305,145
338,7738 -9238,768
338,7818 -9173,301
338,7898 -9107,64
338,7978 -9041,005
338,8058 -8972,819
338,8138 -8902,683
338,8218 -8830,548
338,8298 -8756,945
338,8378 -8682,975
338,8459 -8609,896
338,8539 -8538,511
338,8618 -8468,856
338,8699 -8400,486
338,8779 -8333,037
338,8859 -8266,491
338,8939 -8200,889
338,9019 -8135,896
338,9099 -8070,694
338,9179 -8004,263
338,9259 -7935,767
338,9339 -7864,924
338,942 -7792,311
338,95 -7719,362
338,9579 -7647,713
338,966 -7578,211
338,974 -7510,513
338,982 -7443,757
338,99 -7377,575
338,998 -7312,33
339,006 -7248,447
339,014 -7185,82
339,022 -7123,969
339,03 -7062,57
339,038 -7001,571
339,0461 -6940,846
339,054 -6880,046
339,0621 -6818,868
339,0701 -6757,348
339,0781 -6695,794
339,0861 -6634,562
339,0941 -6573,991
339,1021 -6514,397
339,1101 -6455,891
339,1181 -6398,113
339,1261 -6340,185
339,1341 -6281,018
339,1422 -6219,912
339,1501 -6157,18
339,1582 -6094,368
339,1662 -6033,611
339,1742 -5976,363
339,1822 -5922,465
339,1902 -5870,299
339,1982 -5817,79
339,2062 -5763,492
339,2142 -5707,242
339,2222 -5650,183
339,2302 -5594,049
339,2383 -5540,012
339,2462 -5487,984
339,2542 -5436,991
339,2623 -5386,159
339,2703 -5335,271
339,2783 -5284,551
339,2863 -5234,208
339,2943 -5184,375
339,3023 -5135,301
339,3103 -5087,274
339,3183 -5040,107
339,3263 -4992,705
339,3343 -4943,435
339,3423 -4891,266
339,3503 -4836,788
339,3584 -4782,103
339,3664 -4729,563
339,3744 -4680,447
339,3824 -4634,644
339,3904 -4591,276
339,3984 -4549,313
339,4064 -4507,665
339,4144 -4465,152
339,4224 -4420,899
339,4304 -4374,936
339,4384 -4328,308
339,4464 -4282,391
339,4545 -4237,968
339,4625 -4194,931
339,4705 -4152,776
339,4785 -4111,156
339,4865 -4069,82
339,4945 -4028,237
339,5025 -3985,698
339,5105 -3941,954
339,5185 -3897,605
339,5265 -3853,702
339,5345 -3811,041
339,5425 -3769,894
339,5505 -3730,302
339,5586 -3692,345
339,5666 -3655,994
339,5746 -3620,782
339,5826 -3585,809
339,5906 -3550,2
339,5986 -3513,543
339,6066 -3475,899
339,6146 -3437,516
339,6226 -3398,682
339,6306 -3359,787
339,6386 -3321,385
339,6466 -3284,133
339,6547 -3248,658
339,6627 -3215,372
339,6707 -3184,132
339,6787 -3154,04
339,6867 -3123,836
339,6947 -3092,807
339,7027 -3061,413
339,7107 -3030,878
339,7187 -3002,069
339,7267 -2974,675
339,7347 -2947,382
339,7427 -2918,764
339,7508 -2888,101
339,7588 -2855,564
339,7668 -2821,833
339,7748 -2787,55
339,7828 -2753,048
339,7908 -2718,454
339,7988 -2683,998
339,8068 -2650,191
339,8148 -2617,696
339,8228 -2587,01
339,8308 -2558,196
339,8388 -2530,779
339,8468 -2503,888
339,8549 -2476,669
339,8629 -2448,826
339,8709 -2420,863
339,8789 -2393,708
339,8869 -2367,984
339,8949 -2343,593
339,9029 -2319,857
339,9109 -2295,901
339,9189 -2270,9
339,9269 -2244,288
339,9349 -2216,06
339,9429 -2186,96
339,951 -2158,171
339,959 -2130,638
339,967 -2104,658
339,975 -2080,07
339,983 -2056,641
339,991 -2034,056
339,999 -2011,635
340,007 -1988,46
340,015 -1964,131
340,023 -1939,354
340,031 -1915,543
340,039 -1893,642
340,0471 -1873,263
340,0551 -1852,944
340,063 -1831,236
340,0711 -1807,626
340,0791 -1782,594
340,0871 -1756,995
340,0951 -1731,461
340,1031 -1706,262
340,1111 -1681,471
340,1191 -1657,177
340,1271 -1633,627
340,1351 -1611,221
340,1432 -1590,261
340,1512 -1570,552
340,1591 -1551,261
340,1672 -1531,269
340,1752 -1509,796
340,1832 -1486,864
340,1912 -1463,301
340,1992 -1440,311
340,2072 -1418,844
340,2152 -1399,17
340,2232 -1380,939
340,2312 -1363,605
340,2392 -1346,802
340,2473 -1330,407
340,2552 -1314,35
340,2633 -1298,366
340,2713 -1281,909
340,2793 -1264,363
340,2873 -1245,456
340,2953 -1225,466
340,3033 -1204,997
340,3113 -1184,598
340,3193 -1164,606
340,3273 -1145,194
340,3353 -1126,355
340,3434 -1107,823
340,3513 -1089,223
340,3593 -1070,484
340,3674 -1052,095
340,3754 -1034,808
340,3834 -1019
340,3914 -1004,351
340,3994 -990,1891
340,4074 -976,1045
340,4154 -962,1999
340,4234 -948,785
340,4314 -935,8853
340,4395 -923,0186
340,4474 -909,3654
340,4554 -894,1718
340,4635 -877,1558
340,4715 -858,7229
340,4795 -839,8743
340,4875 -821,8495
340,4955 -805,6584
340,5035 -791,6612
340,5115 -779,3376
340,5195 -767,4289
340,5275 -754,5197
340,5355 -739,7939
340,5435 -723,4641
340,5515 -706,5535
340,5596 -690,1597
340,5676 -674,7248
340,5756 -659,8844
340,5836 -645,0187
340,5916 -629,9785
340,5996 -615,282
340,6076 -601,631
340,6156 -589,2399
340,6236 -577,5499
340,6316 -565,514
340,6396 -552,2454
340,6476 -537,6202
340,6557 -522,4211
340,6637 -507,8619
340,6717 -494,7684
340,6797 -483,0024
340,6877 -471,5707
340,6957 -459,308
340,7037 -445,5565
340,7117 -430,3597
340,7197 -414,2172
340,7277 -397,8101
340,7357 -381,9349
340,7437 -367,476
340,7517 -355,1378
340,7598 -344,9729
340,7678 -336,1372
340,7758 -327,2822
340,7838 -317,4225
340,7918 -306,5372
340,7998 -295,3193
340,8078 -284,3561
340,8158 -273,6154
340,8238 -262,6928
340,8318 -251,3863
340,8398 -239,9138
340,8478 -228,6767
340,8559 -217,9913
340,8639 -208,0422
340,8719 -198,8791
340,8799 -190,282
340,8879 -181,6569
340,8959 -172,2209
340,9039 -161,4399
340,9119 -149,3791
340,9199 -136,6589
340,9279 -124,0589
340,9359 -112,1157
340,9439 -100,9958
340,952 -90,56926
340,96 -80,45274
340,968 -70,02335
340,976 -58,65054
340,984 -46,19521
340,992 -33,38888
341 -21,64178