335	5,977495
335,006	11,2822945
335,012	12,72780965
335,018	21,2481925
335,024	21,5791775
335,03	17,1364225
335,036	20,2103975
335,0421	27,9034925
335,048	3,054851825
335,054	12,872809
335,0601	22,1861825
335,0661	14,7278105
335,0721	17,9307265
335,0781	3,4263625
335,0841	14,224444
335,0901	26,19867425
335,0961	11,6854639
335,1021	19,63703425
335,1081	9,5947575
335,1141	28,13546725
335,1201	26,293895
335,1261	-3,79302225
335,1321	17,122735
335,1382	1,4485495
335,1441	16,02252808
335,1501	11,41815315
335,1562	9,43089775
335,1622	-7,1452035
335,1682	17,73481725
335,1742	9,7952285
335,1802	22,31065578
335,1862	9,6829875
335,1922	12,03147125
335,1982	19,6665635
335,2042	18,60777625
335,2102	15,44498785
335,2162	10,4994695
335,2222	3,6471795
335,2282	5,014878
335,2342	17,073085
335,2402	22,637839
335,2462	25,767165
335,2523	23,75514225
335,2583	5,661026
335,2643	16,8686035
335,2703	22,3435275
335,2763	5,94591625
335,2823	17,669187
335,2883	-1,3214035
335,2943	25,052895
335,3003	2,75196675
335,3063	7,23805
335,3123	9,15962125
335,3183	9,0604855
335,3243	8,03621775
335,3303	20,2974525
335,3363	-3,09974375
335,3423	-6,37320535
335,3484	23,6862875
335,3543	28,866405
335,3604	20,8082775
335,3664	26,042723
335,3724	14,5548805
335,3784	18,008587
335,3844	-1,571684
335,3904	21,14975748
335,3964	22,81704
335,4024	21,315625
335,4084	29,7856225
335,4144	8,6534875
335,4204	17,88685575
335,4264	28,111425
335,4324	-2,076005
335,4384	13,563687
335,4445	13,2084085
335,4504	22,79495075
335,4565	30,808152
335,4625	-0,2327225
335,4685	30,3891025
335,4745	7,28574
335,4805	1,193604
335,4865	29,007907
335,4925	7,52714675
335,4985	9,77381525
335,5045	22,462389
335,5105	15,738518
335,5165	17,52441725
335,5225	23,7837475
335,5285	18,5029775
335,5345	10,46744075
335,5405	11,21951725
335,5465	3,111843
335,5526	13,5990955
335,5586	11,94344558
335,5646	14,548765
335,5706	5,65265475
335,5766	8,71670575
335,5826	16,87324
335,5886	2,53236275
335,5946	13,482242
335,6006	10,20381
335,6066	3,2868115
335,6126	3,758944225
335,6186	16,92787675
335,6246	11,61475675
335,6306	23,66744398
335,6366	32,0703575
335,6426	18,3839945
335,6487	21,7339075
335,6547	10,98577575
335,6607	26,8798875
335,6667	20,136894
335,6727	23,503485
335,6787	19,582171
335,6847	3,768031
335,6907	11,5457175
335,6967	19,4912
335,7027	22,446715
335,7087	13,54802575
335,7147	24,09200125
335,7207	31,06295925
335,7267	-8,49730275
335,7327	13,596351
335,7387	13,26312575
335,7448	18,9208625
335,7508	20,77475
335,7567	9,57974975
335,7628	27,5182375
335,7688	20,3662275
335,7748	26,0189675
335,7808	21,0602845
335,7868	4,83469145
335,7928	18,3968775
335,7988	14,399448
335,8048	15,02785175
335,8108	6,8260105
335,8168	15,237495
335,8228	11,04788875
335,8288	26,50086
335,8348	16,31001775
335,8409	36,444715
335,8468	15,03807885
335,8528	27,61835
335,8589	36,8828525
335,8649	22,001215
335,8709	18,87352475
335,8769	27,7256075
335,8829	31,77574025
335,8889	16,18946925
335,8949	19,0025535
335,9009	22,7757475
335,9069	34,4938625
335,9129	26,9356175
335,9189	30,938399
335,9249	14,1621525
335,9309	31,8336325
335,937	26,51761
335,9429	48,7391475
335,9489	30,352475
335,955	46,0463475
335,961	34,15485
335,967	50,3739275
335,973	39,70949
335,979	48,28798
335,985	60,4032775
335,991	46,05731
335,997	46,419125
336,003	57,654415
336,009	59,8156875
336,015	68,152045
336,021	60,9486775
336,027	70,734795
336,033	55,715425
336,039	65,78843
336,045	61,6849
336,0511	70,7471875
336,0571	69,5018725
336,063	51,46944
336,0691	64,0393825
336,0751	62,1520375
336,0811	70,8397475
336,0871	72,799305
336,0931	64,162985
336,0991	72,2213275
336,1051	75,9698975
336,1111	69,4769925
336,1171	106,33025
336,1231	82,6982975
336,1291	77,910885
336,1351	97,682275
336,1411	99,000185
336,1472	120,375025
336,1532	110,536575
336,1591	109,765765
336,1652	125,584675
336,1712	125,926825
336,1772	153,128
336,1832	174,2915
336,1892	203,3885
336,1952	209,6457
336,2012	230,83205
336,2072	247,890975
336,2132	292,6342
336,2192	329,983975
336,2252	365,932975
336,2312	416,16245
336,2372	464,99025
336,2433	501,211725
336,2492	547,803375
336,2552	613,63415
336,2613	688,9151
336,2673	741,15615
336,2733	815,364
336,2793	866,32365
336,2853	936,1521
336,2913	1007,820375
336,2973	1053,32725
336,3033	1110,49375
336,3093	1133,9225
336,3153	1170,19375
336,3213	1195,30125
336,3273	1187,01975
336,3333	1172,07
336,3393	1122,05725
336,3453	1064,19025
336,3513	980,02905
336,3574	868,144225
336,3634	745,507175
336,3694	595,286375
336,3754	429,339775
336,3814	269,245375
336,3874	99,24018
336,3934	-48,8180275
336,3994	-210,495575
336,4054	-368,5487
336,4114	-543,45045
336,4174	-670,61085
336,4234	-781,21425
336,4294	-878,340875
336,4354	-949,537275
336,4414	-997,30085
336,4474	-1017,17265
336,4535	-1052,415
336,4595	-1058,3655
336,4655	-1033,53805
336,4715	-1012,4587
336,4775	-976,24635
336,4835	-941,726875
336,4895	-886,497875
336,4955	-835,34025
336,5015	-783,73665
336,5075	-716,170825
336,5135	-669,498425
336,5195	-612,9366
336,5255	-563,26515
336,5315	-490,947775
336,5375	-451,6268
336,5435	-397,35135
336,5496	-367,83595
336,5555	-328,78055
336,5616	-304,30365
336,5676	-272,285975
336,5736	-240,532225
336,5796	-218,447325
336,5856	-194,275275
336,5916	-186,6502
336,5976	-167,784375
336,6036	-154,47295
336,6096	-138,0547
336,6156	-117,639375
336,6216	-125,417675
336,6276	-100,713655
336,6336	-94,78835
336,6396	-108,660445
336,6457	-84,383075
336,6516	-98,5816475
336,6577	-91,8850425
336,6637	-73,68696
336,6697	-80,604105
336,6757	-70,006185
336,6817	-77,4693175
336,6877	-48,45886
336,6937	-68,2789275
336,6997	-60,654945
336,7057	-61,1677975
336,7117	-61,3216975
336,7177	-59,0727125
336,7237	-59,82697
336,7297	-61,662235
336,7357	-40,79534
336,7417	-67,5606875
336,7477	-46,52329
336,7538	-54,263215
336,7598	-40,769435
336,7658	-47,917235
336,7718	-37,62655
336,7778	-24,01177275
336,7838	-38,90551
336,7898	-32,4985425
336,7958	-23,13619725
336,8018	-29,6547275
336,8078	-10,50085285
336,8138	-38,3251475
336,8198	-7,005344
336,8258	-10,12997025
336,8318	-22,204562
336,8378	-2,4551165
336,8438	-18,45771025
336,8499	-10,16422025
336,8559	-7,75421225
336,8618	-23,24733225
336,8679	-11,225616
336,8739	-5,23767875
336,8799	-15,682731
336,8859	14,37543275
336,8919	0,06689
336,8979	18,348305
336,9039	-1,21028705
336,9099	-6,58758475
336,9159	-11,1226385
336,9219	6,40657125
336,9279	15,6148345
336,9339	-5,36125625
336,9399	5,6026155
336,946	2,317500275
336,952	1,38955235
336,9579	5,28275225
336,964	2,836454825
336,97	0,4165692
336,976	3,93940725
336,982	4,69399
336,988	3,949700375
336,994	-3,8918035
337	0,4324635
337,006	-10,44763425
337,012	-2,706229
337,018	6,763801
337,024	-0,31114025
337,03	-8,07816925
337,036	-18,594115
337,0421	-8,47397075
337,048	4,8807005
337,054	-5,7733025
337,0601	2,2245555
337,0661	7,01105675
337,0721	-3,01964705
337,0781	0,657577125
337,0841	18,2819175
337,0901	1,83106325
337,0961	14,96814673
337,1021	24,2418975
337,1081	11,9956545
337,1141	2,891045
337,1201	14,27874975
337,1261	12,80534725
337,1321	16,84331975
337,1382	3,673745525
337,1441	13,84922
337,1501	11,6571245
337,1562	4,297185
337,1622	17,993573
337,1682	13,33044975
337,1742	9,6703465
337,1802	21,273985
337,1862	6,84982985
337,1922	8,609665
337,1982	7,993558
337,2042	-6,76826025
337,2102	1,5280351
337,2162	15,520765
337,2222	-6,01574725
337,2282	8,5024078
337,2342	0,94938625
337,2402	20,5815025
337,2462	11,0966755
337,2523	13,214492
337,2583	21,3608525
337,2643	12,9375735
337,2703	17,568725
337,2763	5,89282775
337,2823	13,1940725
337,2883	3,43595925
337,2943	18,6047975
337,3003	10,1926575
337,3063	5,866772
337,3123	17,60597525
337,3183	1,60987875
337,3243	9,5954955
337,3303	28,89237025
337,3363	15,55064
337,3423	20,87603725
337,3484	10,68738275
337,3543	1,77723925
337,3604	19,4102375
337,3664	14,6659125
337,3724	12,95943375
337,3784	9,7727865
337,3844	11,20543425
337,3904	14,88592275
337,3964	16,03019875
337,4024	18,02759075
337,4084	20,8557575
337,4144	11,8895805
337,4204	19,789145
337,4264	13,781136
337,4324	30,5697375
337,4384	16,23530975
337,4445	16,29511825
337,4504	20,00981
337,4565	20,727255
337,4625	6,00940025
337,4685	4,570971
337,4745	-6,034385
337,4805	3,1193015
337,4865	15,918775
337,4925	13,07692
337,4985	32,279365
337,5045	32,532595
337,5105	31,0863775
337,5165	15,09528425
337,5225	22,15667925
337,5285	8,85467325
337,5345	20,33457
337,5405	13,56531025
337,5465	28,58994
337,5526	1,98678075
337,5586	33,491425
337,5646	12,8338395
337,5706	29,3678125
337,5766	34,974385
337,5826	24,055875
337,5886	22,439875
337,5946	17,69046
337,6006	22,9923325
337,6066	7,931429
337,6126	24,75009875
337,6186	36,0429625
337,6246	14,8886125
337,6306	9,9496995
337,6366	6,30457275
337,6426	21,5769525
337,6487	17,22615625
337,6547	30,3536225
337,6607	44,933125
337,6667	32,002535
337,6727	42,7844025
337,6787	40,86314
337,6847	35,559795
337,6907	48,4737575
337,6967	29,824175
337,7027	45,8970625
337,7087	56,24171
337,7147	62,040845
337,7207	50,2141575
337,7267	47,1783775
337,7327	55,1124025
337,7387	59,12354
337,7448	55,7345925
337,7508	56,08526
337,7567	73,15105
337,7628	71,62361
337,7688	70,9041575
337,7748	58,8885625
337,7808	74,8457875
337,7868	76,3765925
337,7928	62,8675725
337,7988	88,8045775
337,8048	82,420285
337,8108	59,354225
337,8168	67,686815
337,8228	73,654705
337,8288	85,0019975
337,8348	81,50528
337,8409	96,4415675
337,8468	90,9604125
337,8528	95,2367525
337,8589	96,2752825
337,8649	102,416555
337,8709	130,918775
337,8769	118,8799775
337,8829	139,9936
337,8889	139,7886
337,8949	161,664
337,9009	170,258675
337,9069	199,085625
337,9129	214,788
337,9189	224,275025
337,9249	243,1154
337,9309	314,256925
337,937	331,207325
337,9429	384,591775
337,9489	410,42215
337,955	475,97205
337,961	530,926
337,967	573,57655
337,973	633,458975
337,979	695,3059
337,985	756,0455
337,991	838,3269
337,997	916,13655
338,003	963,81755
338,009	1010,46425
338,015	1068,76725
338,021	1124,34475
338,027	1153,00425
338,033	1174,90325
338,039	1182,99075
338,045	1159,20875
338,0511	1148,0555
338,0571	1097,61475
338,063	999,5888
338,0691	923,89745
338,0751	803,028325
338,0811	669,606325
338,0871	511,58765
338,0931	331,18445
338,0991	161,642625
338,1051	-4,60745725
338,1111	-140,8934375
338,1171	-317,2412
338,1231	-470,94825
338,1291	-602,9639
338,1351	-748,963725
338,1411	-833,5905
338,1472	-914,797825
338,1532	-992,0335
338,1591	-1025,825
338,1652	-1064,05675
338,1712	-1065,2305
338,1772	-1055,3655
338,1832	-1039,8845
338,1892	-996,59675
338,1952	-961,925175
338,2012	-928,831
338,2072	-872,084275
338,2132	-807,94155
338,2192	-751,497625
338,2252	-698,67635
338,2312	-640,5402
338,2372	-583,02355
338,2433	-534,48155
338,2492	-491,90155
338,2552	-455,7485
338,2613	-403,389425
338,2673	-348,310125
338,2733	-307,434425
338,2793	-292,579275
338,2853	-253,60325
338,2913	-224,64375
338,2973	-193,58445
338,3033	-196,124875
338,3093	-173,120975
338,3153	-152,111325
338,3213	-142,26585
338,3273	-127,052475
338,3333	-108,2520375
338,3393	-112,4582
338,3453	-103,7887275
338,3513	-103,22846
338,3574	-77,2570775
338,3634	-75,81613
338,3694	-82,1678275
338,3754	-60,0010275
338,3814	-68,4176525
338,3874	-70,939935
338,3934	-74,53277
338,3994	-60,9093425
338,4054	-60,218835
338,4114	-66,23839
338,4174	-68,3107925
338,4234	-62,2136525
338,4294	-80,191995
338,4354	-64,8811425
338,4414	-46,475265
338,4474	-51,284805
338,4535	-37,030265
338,4595	-44,43581
338,4655	-42,292085
338,4715	-41,00425
338,4775	-34,7243325
338,4835	-34,95944
338,4895	-41,94453
338,4955	-36,32926
338,5015	-23,114814
338,5075	-36,3747275
338,5135	-30,3449075
338,5195	-11,69861
338,5255	-13,7717195
338,5315	-39,239475
338,5375	-11,4070015
338,5435	-19,1009675
338,5496	-30,53232
338,5555	-15,7235
338,5616	-8,17996875
338,5676	-13,3929395
338,5736	-23,44025
338,5796	-24,1173675
338,5856	1,089614
338,5916	0,01099105
338,5976	1,22225125
338,6036	-12,66833425
338,6096	-20,8726575
338,6156	-2,00514375
338,6216	5,5526605
338,6276	-0,3822615
338,6336	-12,4503408
338,6396	14,73147775
338,6457	2,6501818
338,6516	-8,55232125
338,6577	-4,00544575
338,6637	1,390849
338,6697	7,16443
338,6757	14,68424
338,6817	0,7095633
338,6877	4,44410215
338,6937	-7,787247
338,6997	11,1991035
338,7057	-13,1968395
338,7117	6,34001335
338,7177	5,174209
338,7237	2,042943025
338,7297	11,402338
338,7357	-4,032827
338,7417	-3,252951
338,7477	0,9947515
338,7538	11,28104625
338,7598	5,21230025
338,7658	19,0169945
338,7718	3,8431925
338,7778	6,85627455
338,7838	5,69526575
338,7898	18,012676
338,7958	17,19492775
338,8018	15,51737525
338,8078	17,31818425
338,8138	4,506066
338,8198	-2,016680925
338,8258	11,709564
338,8318	12,074953
338,8378	14,67214575
338,8438	-4,319465
338,8499	11,11477773
338,8559	11,81278475
338,8618	14,845484
338,8679	13,6418525
338,8739	17,38143
338,8799	19,74194875
338,8859	23,21404
338,8919	15,67203925
338,8979	14,7687275
338,9039	10,3797345
338,9099	9,17507575
338,9159	17,710572
338,9219	10,93948948
338,9279	24,021245
338,9339	36,6811775
338,9399	20,10586275
338,946	12,85508175
338,952	8,60988275
338,9579	7,51976125
338,964	11,3400945
338,97	7,3446816
338,976	34,285165
338,982	11,06355623
338,988	21,3494425
338,994	16,33027275
339	26,4518625
339,006	24,48766
339,012	21,9705375
339,018	21,3982525
339,024	7,9845355
339,03	20,04897313
339,036	11,9127835
339,0421	20,74349975
339,048	24,78469
339,054	8,7161815
339,0601	12,3771485
339,0661	19,03478475
339,0721	28,299315
339,0781	11,302458
339,0841	28,7068325
339,0901	6,33082175
339,0961	20,344965
339,1021	22,3640725
339,1081	22,6177475
339,1141	10,00816893
339,1201	21,6895375
339,1261	24,09993225
339,1321	21,3511725
339,1382	15,0982225
339,1441	38,58189
339,1501	36,4964275
339,1562	13,442937
339,1622	24,20056
339,1682	30,248385
339,1742	35,7981525
339,1802	33,6998125
339,1862	23,93215
339,1922	24,0006425
339,1982	18,8044875
339,2042	31,1803025
339,2102	8,090724325
339,2162	43,15837
339,2222	27,0035275
339,2282	47,1522525
339,2342	22,4937425
339,2402	36,9417475
339,2462	22,083385
339,2523	36,444055
339,2583	24,9488875
339,2643	32,438705
339,2703	18,3540275
339,2763	36,6389075
339,2823	35,97768
339,2883	23,9135625
339,2943	24,06007075
339,3003	27,72911
339,3063	23,71185925
339,3123	34,0677525
339,3183	35,07321
339,3243	25,53064
339,3303	38,2397
339,3363	29,1722025
339,3423	43,58335
339,3484	40,911575
339,3543	23,7276125
339,3604	31,9676425
339,3664	29,4072265
339,3724	27,8935785
339,3784	30,4103275
339,3844	22,29942025
339,3904	27,632145
339,3964	40,918605
339,4024	40,92309
339,4084	44,2774975
339,4144	50,693735
339,4204	43,2592325
339,4264	44,0633975
339,4324	51,2018575
339,4384	41,313245
339,4445	48,95355
339,4504	54,9749875
339,4565	67,1977575
339,4625	64,40694
339,4685	76,1675025
339,4745	82,8084475
339,4805	87,0075025
339,4865	70,9293375
339,4925	72,550245
339,4985	71,29396
339,5045	82,40714
339,5105	79,2505925
339,5165	85,587175
339,5225	90,2231375
339,5285	81,53339
339,5345	91,7080475
339,5405	88,2313025
339,5465	84,125285
339,5526	79,5982625
339,5586	96,848965
339,5646	99,7927125
339,5706	110,974175
339,5766	101,787015
339,5826	119,3187
339,5886	112,4872575
339,5946	123,209575
339,6006	120,488325
339,6066	131,16465
339,6126	156,429625
339,6186	155,4812
339,6246	186,892
339,6306	202,89655
339,6366	218,44715
339,6426	248,813825
339,6487	275,853825
339,6547	299,134475
339,6607	334,029125
339,6667	383,605875
339,6727	429,24855
339,6787	468,267325
339,6847	511,52445
339,6907	574,59395
339,6967	630,776
339,7027	679,6497
339,7087	727,332125
339,7147	789,600575
339,7207	866,3313
339,7267	911,2443
339,7327	966,953175
339,7387	1025,33375
339,7448	1049,08675
339,7508	1092,724
339,7567	1097,54625
339,7628	1102,8025
339,7688	1095,04475
339,7748	1057,57475
339,7808	1019,276425
339,7868	932,81675
339,7928	848,636675
339,7988	753,4506
339,8048	643,273575
339,8108	473,46185
339,8168	343,579825
339,8228	181,2663
339,8288	20,37147
339,8348	-126,4504775
339,8409	-261,9557
339,8468	-421,75605
339,8528	-549,8855
339,8589	-670,84865
339,8649	-770,275375
339,8709	-848,028825
339,8769	-920,639475
339,8829	-969,546175
339,8889	-985,6949
339,8949	-1014,57625
339,9009	-1009,366825
339,9069	-986,238025
339,9129	-961,031975
339,9189	-937,05585
339,9249	-888,9812
339,9309	-846,6705
339,937	-786,251075
339,9429	-726,7363
339,9489	-701,000325
339,955	-626,0429
339,961	-585,89655
339,967	-522,64145
339,973	-501,843825
339,979	-424,297525
339,985	-400,4815
339,991	-353,9998
339,997	-323,908675
340,003	-303,58025
340,009	-255,76555
340,015	-225,905775
340,021	-197,8027
340,027	-178,179375
340,033	-158,6878
340,039	-140,64965
340,045	-146,563
340,0511	-134,3438
340,0571	-116,442035
340,063	-116,94185
340,0691	-98,8491425
340,0751	-90,796985
340,0811	-88,669235
340,0871	-81,814445
340,0931	-80,7787275
340,0991	-83,9704525
340,1051	-61,961065
340,1111	-95,810875
340,1171	-65,33317
340,1231	-52,3157125
340,1291	-49,152315
340,1351	-58,6304425
340,1411	-59,0992025
340,1472	-31,3075315
340,1532	-50,2208675
340,1591	-56,255825
340,1652	-44,3042575
340,1712	-49,5494425
340,1772	-42,0996775
340,1832	-30,39828
340,1892	-36,3023315
340,1952	-40,8035125
340,2012	-26,9325225
340,2072	-51,47237
340,2132	-46,094915
340,2192	-20,06560625
340,2252	-37,7106225
340,2312	-38,604715
340,2372	-19,03053325
340,2433	0,5469805
340,2492	-8,3705275
340,2552	-0,0746505
340,2613	-2,52657875
340,2673	-9,652359605
340,2733	-15,52025075
340,2793	0,51729025
340,2853	-10,637772
340,2913	-13,5716275
340,2973	-6,93611975
340,3033	-15,1465335
340,3093	1,80981875
340,3153	-2,284305
340,3213	-5,482049
340,3273	1,80309475
340,3333	11,0890085
340,3393	-5,94537325
340,3453	13,53599925
340,3513	14,0796575
340,3574	-9,435751
340,3634	18,9665055
340,3694	5,487679275
340,3754	15,4561735
340,3814	14,213502
340,3874	-0,8094379
340,3934	3,723415425
340,3994	27,19875075
340,4054	18,29282125
340,4114	26,0642675
340,4174	16,925135
340,4234	10,44804775
340,4294	6,47306375
340,4354	8,6439325
340,4414	8,0398022
340,4474	11,265588
340,4535	14,560785
340,4595	9,0613295
340,4655	29,105694
340,4715	8,46321775
340,4775	23,6862475
340,4835	12,0517025
340,4895	-0,769323
340,4955	14,1971125
340,5015	5,86970675
340,5075	8,276954
340,5135	13,36378225
340,5195	25,53321325
340,5255	-4,43512625
340,5315	5,112958875
340,5375	20,908355
340,5435	25,78139
340,5496	17,2247005
340,5555	19,8056465
340,5616	9,071347525
340,5676	21,597775
340,5736	5,52061275
340,5796	17,952291
340,5856	2,83661587
340,5916	-0,281093
340,5976	21,71376565
340,6036	23,53632
340,6096	11,754035
340,6156	29,5111825
340,6216	16,6873875
340,6276	10,53089
340,6336	20,9563595
340,6396	16,3045945
340,6457	9,06715725
340,6516	20,6267625
340,6577	19,58484
340,6637	5,579027
340,6697	28,05322
340,6757	4,8516855
340,6817	23,391675
340,6877	6,27186725
340,6937	23,811035
340,6997	29,3992975
340,7057	7,19156175
340,7117	10,32968478
340,7177	9,99414175
340,7237	18,5691425
340,7297	20,987627
340,7357	3,22446025
340,7417	11,42063425
340,7477	11,35627325
340,7538	10,830801
340,7598	10,09469
340,7658	5,5587395
340,7718	14,1277694
340,7778	14,837305
340,7838	11,7326125
340,7898	9,11489175
340,7958	25,74427
340,8018	15,76568
340,8078	18,65512225
340,8138	14,9244225
340,8198	-3,5418955
340,8258	4,6453615
340,8318	16,9360125
340,8378	7,007562125
340,8438	15,75599975
340,8499	35,3216775
340,8559	25,4084
340,8618	18,91758025
340,8679	-6,200359
340,8739	26,41845
340,8799	28,14209
340,8859	13,1448405
340,8919	15,2029475
340,8979	27,596367
340,9039	18,991674
340,9099	4,77623525
340,9159	6,375587775
340,9219	13,47304143
340,9279	10,58678725
340,9339	24,75863525
340,9399	23,0477375
340,946	24,67744
340,952	4,588374
340,9579	14,4150855
340,964	11,84925425
340,97	9,700729
340,976	-2,305868
340,982	33,8900725
340,988	19,3448205
340,994	28,78689253
341	20,21795125
