335	13,61550331
335,006012	15,95643616
335,0120239	18,11323166
335,0180054	19,97462845
335,0240173	21,46683311
335,0300293	22,55962372
335,0360413	23,26312256
335,0420532	23,61750031
335,0480347	23,67977142
335,0540466	23,51187706
335,0600586	23,17292595
335,0660706	22,71629906
335,0720825	22,19030571
335,078064	21,64005089
335,0840759	21,10817146
335,0900879	20,63318443
335,0960999	20,24559402
335,1021118	19,96313667
335,1080933	19,78721809
335,1141052	19,7022934
335,1201172	19,67905617
335,1261292	19,68103218
335,1321411	19,67297554
335,1381531	19,62884521
335,1441345	19,53723717
335,1501465	19,40296364
335,1561584	19,24474907
335,1621704	19,0901413
335,1681824	18,9695816
335,1741638	18,91137505
335,1801758	18,93863297
335,1861877	19,06801796
335,1921997	19,30931473
335,1982117	19,66453362
335,2041931	20,12595177
335,2102051	20,67356873
335,216217	21,27351379
335,222229	21,87924957
335,228241	22,43667603
335,2342224	22,89281082
335,2402344	23,20609856
335,2462463	23,35536194
335,2522583	23,34454727
335,2582703	23,20159149
335,2642517	22,9715519
335,2702637	22,70596695
335,2762756	22,45144844
335,2822876	22,24055862
335,2882996	22,08718681
335,294281	21,98713875
335,300293	21,92326546
335,3063049	21,87320518
335,3123169	21,81736183
335,3183289	21,74474907
335,3243103	21,65526009
335,3303223	21,5580349
335,3363342	21,46704102
335,3423462	21,395895
335,3483582	21,35412598
335,3543396	21,34626007
335,3603516	21,37366867
335,3663635	21,43761826
335,3723755	21,54138184
335,3783875	21,68967438
335,3843994	21,88520813
335,3903809	22,12380791
335,3963928	22,39051247
335,4024048	22,6588459
335,4084167	22,89417076
335,4144287	23,06025505
335,4204102	23,12699699
335,4264221	23,07703781
335,4324341	22,90963173
335,438446	22,641325
335,444458	22,30377388
335,4504395	21,93936539
335,4564514	21,59513283
335,4624634	21,31537056
335,4684753	21,13362885
335,4744873	21,06536484
335,4804688	21,10314178
335,4864807	21,2162323
335,4924927	21,35562515
335,4985046	21,46383286
335,5045166	21,48731422
335,510498	21,38825226
335,51651	21,15252304
335,522522	20,79184341
335,5285339	20,33983803
335,5345459	19,84343529
335,5405273	19,35208893
335,5465393	18,90751839
335,5525513	18,53606415
335,5585632	18,24477386
335,5645752	18,02139473
335,5705566	17,83773041
335,5765686	17,65548706
335,5825806	17,43367386
335,5885925	17,13660431
335,5946045	16,74148178
335,6005859	16,24447632
335,6065979	15,66421413
335,6126099	15,04181004
335,6186218	14,43713951
335,6246338	13,92170238
335,6306458	13,56914902
335,6366272	13,44487476
335,6426392	13,596241
335,6486511	14,04473019
335,6546631	14,78111649
335,660675	15,76442909
335,6666565	16,92520523
335,6726685	18,17308998
335,6786804	19,40818405
335,6846924	20,53472519
335,6907043	21,47489929
335,6966858	22,18019485
335,7026978	22,63787651
335,7087097	22,87104607
335,7147217	22,93210411
335,7207336	22,89091492
335,7267151	22,82024002
335,7327271	22,78162003
335,738739	22,81467056
335,744751	22,93187904
335,7507629	23,11948776
335,7567444	23,34370232
335,7627563	23,56021881
335,7687683	23,72458458
335,7747803	23,80106735
335,7807922	23,76829529
335,7867737	23,62098312
335,7927856	23,36800957
335,7987976	23,02791786
335,8048096	22,62334633
335,8108215	22,17583275
335,816803	21,70218849
335,8228149	21,21299171
335,8288269	20,71326828
335,8348389	20,20493889
335,8408508	19,69031525
335,8468323	19,17568207
335,8528442	18,67391014
335,8588562	18,20509911
335,8648682	17,79455948
335,8708801	17,46823883
335,8768921	17,24652672
335,8828735	17,13826942
335,8888855	17,13704681
335,8948975	17,22132874
335,9009094	17,3589077
335,9069214	17,51459122
335,9129028	17,65899277
335,9189148	17,77586555
335,9249268	17,86595535
335,9309387	17,94649887
335,9369507	18,04676247
335,9429321	18,20100784
335,9489441	18,44059753
335,9549561	18,78682899
335,960968	19,24554062
335,96698	19,8040905
335,9729614	20,43101692
335,9789734	21,07851028
335,9849854	21,68774414
335,9909973	22,19678116
335,9970093	22,55024529
336,0029907	22,70925331
336,0090027	22,65956306
336,0150146	22,41589355
336,0210266	22,02085495
336,0270386	21,53829575
336,03302	21,04228973
336,039032	20,60440254
336,0450439	20,2824173
336,0510559	20,1132679
336,0570679	20,11154938
336,0630493	20,27313042
336,0690613	20,58180809
336,0750732	21,01620865
336,0810852	21,55452156
336,0870972	22,17582512
336,0930786	22,8583889
336,0990906	23,57652283
336,1051025	24,29813766
336,1111145	24,98475266
336,1171265	25,59483719
336,1231079	26,0900383
336,1291199	26,44284248
336,1351318	26,64353943
336,1411438	26,7043438
336,1471558	26,65906906
336,1531677	26,557724
336,1591492	26,45667839
336,1651611	26,40623856
336,1711731	26,43837738
336,1771851	26,55768394
336,183197	26,73815727
336,1891785	26,92725754
336,1951904	27,05687904
336,2012024	27,05902863
336,2072144	26,88249397
336,2132263	26,50628853
336,2192078	25,94625854
336,2252197	25,25305939
336,2312317	24,50202179
336,2372437	23,77771187
336,2432556	23,1573143
336,2492371	22,69699478
336,255249	22,42429543
336,261261	22,33754349
336,2672729	22,41134262
336,2732849	22,60566139
336,2792664	22,87561607
336,2852783	23,17940521
336,2912903	23,48304176
336,2973022	23,76187706
336,3033142	24,00005722
336,3092957	24,18952751
336,3153076	24,32987785
336,3213196	24,42926025
336,3273315	24,5053978
336,3333435	24,58495331
336,339325	24,69967079
336,3453369	24,87907982
336,3513489	25,14131546
336,3573608	25,4852047
336,3633728	25,8869915
336,3693542	26,30390167
336,3753662	26,68423843
336,3813782	26,98120117
336,3873901	27,16598892
336,3934021	27,23596191
336,3994141	27,21543694
336,4053955	27,1492939
336,4114075	27,09187889
336,4174194	27,0949192
336,4234314	27,19783592
336,4294434	27,42262459
336,4354248	27,77376938
336,4414368	28,24226761
336,4474487	28,81197929
336,4534607	29,46625519
336,4594727	30,19303703
336,4654541	30,98714447
336,4714661	31,84926987
336,477478	32,78207779
336,48349	33,78468704
336,489502	34,84726715
336,4954834	35,94760895
336,5014954	37,0509491
336,5075073	38,11341476
336,5135193	39,08849335
336,5195313	39,93498611
336,5255127	40,62461853
336,5315247	41,14735794
336,5375366	41,51321793
336,5435486	41,74992371
336,5495605	41,89694595
336,555542	41,99726105
336,561554	42,0887413
336,5675659	42,19723892
336,5735779	42,33290863
336,5795898	42,49055099
336,5855713	42,65364838
336,5915833	42,80090332
336,5975952	42,91356277
336,6036072	42,98168182
336,6096191	43,00795364
336,6156006	43,00833511
336,6216125	43,00949478
336,6276245	43,04379654
336,6336365	43,14296722
336,6396484	43,33174896
336,6456604	43,62290192
336,6516418	44,01468277
336,6576538	44,49142838
336,6636658	45,02734375
336,6696777	45,59259415
336,6756897	46,16025543
336,6816711	46,71208191
336,6876831	47,24152374
336,6936951	47,75317383
336,699707	48,25903702
336,705719	48,77309418
336,7117004	49,30607605
336,7177124	49,86206055
336,7237244	50,43781281
336,7297363	51,02466583
336,7357483	51,61199951
336,7417297	52,19099808
336,7477417	52,75740051
336,7537537	53,3125
336,7597656	53,86227036
336,7657776	54,41513443
336,771759	54,97917175
336,777771	55,55987549
336,783783	56,15921783
336,7897949	56,77661133
336,7958069	57,41162491
336,8017883	58,06786728
336,8078003	58,75671768
336,8138123	59,49938965
336,8198242	60,32589722
336,8258362	61,27034378
336,8318176	62,36322021
336,8378296	63,62249756
336,8438416	65,04626465
336,8498535	66,60917664
336,8558655	68,26413727
336,8618469	69,94894409
336,8678589	71,59635162
336,8738708	73,14536285
336,8798828	74,55135345
336,8858948	75,79341125
336,8919067	76,87786102
336,8978882	77,83737946
336,9039001	78,72590637
336,9099121	79,60984802
336,9159241	80,5567627
336,921936	81,62346649
336,9279175	82,84584808
336,9339294	84,23253632
336,9399414	85,76405334
336,9459534	87,39742279
336,9519653	89,07530975
336,9579468	90,73720551
336,9639587	92,33000946
336,9699707	93,81581116
336,9759827	95,17565918
336,9819946	96,40926361
336,9879761	97,53179169
336,993988	98,56925964
337	99,55388641
337,006012	100,520462
337,0120239	101,5038071
337,0180054	102,5373688
337,0240173	103,65242
337,0300293	104,877533
337,0360413	106,238121
337,0420532	107,7558289
337,0480347	109,4476166
337,0540466	111,3244705
337,0600586	113,3898239
337,0660706	115,6379623
337,0720825	118,0529709
337,078064	120,6088181
337,0840759	123,2709808
337,0900879	125,9994507
337,0960999	128,7525787
337,1021118	131,4907227
337,1080933	134,1786957
337,1141052	136,7868958
337,1201172	139,2910919
337,1261292	141,6721954
337,1321411	143,9169922
337,1381531	146,0205078
337,1441345	147,9897461
337,1501465	149,8469849
337,1561584	151,6309357
337,1621704	153,3940735
337,1681824	155,195694
337,1741638	157,0924225
337,1801758	159,1284027
337,1861877	161,3280029
337,1921997	163,6929474
337,1982117	166,2041473
337,2041931	168,8271484
337,2102051	171,5196075
337,216217	174,2389374
337,222229	176,9489288
337,228241	179,6247101
337,2342224	182,255722
337,2402344	184,8464966
337,2462463	187,4153442
337,2522583	189,9910126
337,2582703	192,608078
337,2642517	195,3016815
337,2702637	198,1026764
337,2762756	201,0337219
337,2822876	204,1065521
337,2882996	207,3202515
337,294281	210,6602783
337,300293	214,0980988
337,3063049	217,5916443
337,3123169	221,0871735
337,3183289	224,5232239
337,3243103	227,8365936
337,3303223	230,9701385
337,3363342	233,8809204
337,3423462	236,5470276
337,3483582	238,9714355
337,3543396	241,1818085
337,3603516	243,2262726
337,3663635	245,165802
337,3723755	247,0651703
337,3783875	248,9835663
337,3843994	250,9668579
337,3903809	253,0423431
337,3963928	255,216629
337,4024048	257,4769897
337,4084167	259,7958679
337,4144287	262,1373901
337,4204102	264,4648132
337,4264221	266,7464905
337,4324341	268,9591675
337,438446	271,0873718
337,444458	273,1193237
337,4504395	275,0414429
337,4564514	276,8337402
337,4624634	278,4687805
337,4684753	279,9155884
337,4744873	281,1483154
337,4804688	282,1565552
337,4864807	282,9539185
337,4924927	283,5813599
337,4985046	284,1032104
337,5045166	284,5968018
337,510498	285,1384583
337,51651	285,7897644
337,522522	286,5875549
337,5285339	287,5394897
337,5345459	288,6250305
337,5405273	289,8003845
337,5465393	291,0054932
337,5525513	292,1717529
337,5585632	293,2297363
337,5645752	294,1168823
337,5705566	294,7843018
337,5765686	295,2025146
337,5825806	295,3646851
337,5885925	295,2860413
337,5946045	294,9996338
337,6005859	294,5484619
337,6065979	293,9762878
337,6126099	293,3193359
337,6186218	292,6008606
337,6246338	291,8302307
337,6306458	291,0059509
337,6366272	290,1211548
337,6426392	289,1689758
337,6486511	288,1464539
337,6546631	287,0549622
337,660675	285,8982544
337,6666565	284,6793823
337,6726685	283,3983459
337,6786804	282,051178
337,6846924	280,6309509
337,6907043	279,129425
337,6966858	277,5377197
337,7026978	275,8459167
337,7087097	274,0411682
337,7147217	272,1061096
337,7207336	270,0188293
337,7267151	267,7552185
337,7327271	265,2929993
337,738739	262,6150513
337,744751	259,7095947
337,7507629	256,5649719
337,7567444	253,1594849
337,7627563	249,4485931
337,7687683	245,3533173
337,7747803	240,7540283
337,7807922	235,4914856
337,7867737	229,3746643
337,7927856	222,1928406
337,7987976	213,7285919
337,8048096	203,7693481
337,8108215	192,1167603
337,816803	178,5952148
337,8228149	163,0609436
337,8288269	145,4137726
337,8348389	125,6110306
337,8408508	103,6828537
337,8468323	79,74607086
337,8528442	54,01407242
337,8588562	26,80000496
337,8648682	-1,488334179
337,8708801	-30,36274719
337,8768921	-59,27769089
337,8828735	-87,66091919
337,8888855	-114,9494171
337,8948975	-140,6272888
337,9009094	-164,2615204
337,9069214	-185,5305481
337,9129028	-204,2417603
337,9189148	-220,3343506
337,9249268	-233,8678894
337,9309387	-244,9985962
337,9369507	-253,9492645
337,9429321	-260,9783936
337,9489441	-266,3546448
337,9549561	-270,3391113
337,960968	-273,1758423
337,96698	-275,0875549
337,9729614	-276,2739868
337,9789734	-276,9096375
337,9849854	-277,1408691
337,9909973	-277,0826721
337,9970093	-276,8178711
338,0029907	-276,3994751
338,0090027	-275,8565369
338,0150146	-275,202179
338,0210266	-274,4417419
338,0270386	-273,5791931
338,03302	-272,6208496
338,039032	-271,5768738
338,0450439	-270,4611816
338,0510559	-269,2907715
338,0570679	-268,0842285
338,0630493	-266,8600159
338,0690613	-265,633728
338,0750732	-264,4148254
338,0810852	-263,20401
338,0870972	-261,9918823
338,0930786	-260,7602844
338,0990906	-259,4863892
338,1051025	-258,148468
338,1111145	-256,7321472
338,1171265	-255,2347412
338,1231079	-253,666748
338,1291199	-252,0493011
338,1351318	-250,4084778
338,1411438	-248,7679138
338,1471558	-247,1417084
338,1531677	-245,5299683
338,1591492	-243,9182281
338,1651611	-242,2809143
338,1711731	-240,5879669
338,1771851	-238,8124084
338,183197	-236,9366913
338,1891785	-234,9561615
338,1951904	-232,8790894
338,2012024	-230,7237396
338,2072144	-228,5139771
338,2132263	-226,274704
338,2192078	-224,0283661
338,2252197	-221,7930603
338,2312317	-219,5821381
338,2372437	-217,4051208
338,2432556	-215,2695923
338,2492371	-213,1836243
338,255249	-211,1577911
338,261261	-209,2059326
338,2672729	-207,3435059
338,2732849	-205,583252
338,2792664	-203,9288177
338,2852783	-202,3683319
338,2912903	-200,8708038
338,2973022	-199,3873596
338,3033142	-197,8579102
338,3092957	-196,2221222
338,3153076	-194,4310455
338,3213196	-192,4562531
338,3273315	-190,2930756
338,3333435	-187,9578247
338,339325	-185,47995
338,3453369	-182,892395
338,3513489	-180,2232208
338,3573608	-177,4911499
338,3633728	-174,7057953
338,3693542	-171,8717194
338,3753662	-168,994278
338,3813782	-166,0849152
338,3873901	-163,1639252
338,3934021	-160,2596283
338,3994141	-157,4045105
338,4053955	-154,6296234
338,4114075	-151,959259
338,4174194	-149,4072723
338,4234314	-146,9762115
338,4294434	-144,6583862
338,4354248	-142,438324
338,4414368	-140,2951355
338,4474487	-138,2041779
338,4534607	-136,1383972
338,4594727	-134,0697327
338,4654541	-131,971817
338,4714661	-129,8236847
338,477478	-127,6138763
338,48349	-125,3436203
338,489502	-123,0274658
338,4954834	-120,6910629
338,5014954	-118,3664551
338,5075073	-116,0865784
338,5135193	-113,8807068
338,5195313	-111,7719955
338,5255127	-109,7772522
338,5315247	-107,9077759
338,5375366	-106,1697693
338,5435486	-104,5634384
338,5495605	-103,0805893
338,555542	-101,7022552
338,561554	-100,3979492
338,5675659	-99,12794495
338,5735779	-97,84854126
338,5795898	-96,51908875
338,5855713	-95,10837555
338,5915833	-93,598526
338,5975952	-91,98548126
338,6036072	-90,27680206
338,6096191	-88,48858643
338,6156006	-86,64333344
338,6216125	-84,76976013
338,6276245	-82,90405273
338,6336365	-81,09060669
338,6396484	-79,38014221
338,6456604	-77,82382965
338,6516418	-76,46369934
338,6576538	-75,32170105
338,6636658	-74,3907547
338,6696777	-73,63103485
338,6756897	-72,97332764
338,6816711	-72,32891083
338,6876831	-71,60346222
338,6936951	-70,7114563
338,699707	-69,58776855
338,705719	-68,19463348
338,7117004	-66,52389526
338,7177124	-64,59545898
338,7237244	-62,45363998
338,7297363	-60,1619606
338,7357483	-57,79679871
338,7417297	-55,43951416
338,7477417	-53,16732407
338,7537537	-51,04400253
338,7597656	-49,11229706
338,7657776	-47,39017105
338,771759	-45,8720932
338,777771	-44,53523254
338,783783	-43,34870911
338,7897949	-42,28316879
338,7958069	-41,31781387
338,8017883	-40,44280243
338,8078003	-39,65653992
338,8138123	-38,95883942
338,8198242	-38,34225464
338,8258362	-37,7844696
338,8318176	-37,24448013
338,8378296	-36,66428757
338,8438416	-35,97644043
338,8498535	-35,1160965
338,8558655	-34,03496933
338,8618469	-32,71389008
338,8678589	-31,17072487
338,8738708	-29,46153259
338,8798828	-27,67417908
338,8858948	-25,91551781
338,8919067	-24,29465866
338,8978882	-22,90574646
338,9039001	-21,81373405
338,9099121	-21,04578209
338,9159241	-20,58965683
338,921936	-20,39889908
338,9279175	-20,4031868
338,9339294	-20,52155113
338,9399414	-20,67573738
338,9459534	-20,80137444
338,9519653	-20,85524559
338,9579468	-20,81791306
338,9639587	-20,69181633
338,9699707	-20,495821
338,9759827	-20,2576046
338,9819946	-20,00553322
338,9879761	-19,76152611
338,993988	-19,53616714
339	-19,32698441
339,006012	-19,12022209
339,0120239	-18,8957653
339,0180054	-18,63403511
339,0240173	-18,32287979
339,0300293	-17,96221924
339,0360413	-17,56466484
339,0420532	-17,15159416
339,0480347	-16,74581528
339,0540466	-16,36333084
339,0600586	-16,0071125
339,0660706	-15,66513729
339,0720825	-15,31330109
339,078064	-14,92209053
339,0840759	-14,46470451
339,0900879	-13,924119
339,0960999	-13,29731274
339,1021118	-12,59611034
339,1080933	-11,84517002
339,1141052	-11,07826233
339,1201172	-10,33382416
339,1261292	-9,650365829
339,1321411	-9,06172657
339,1381531	-8,592142105
339,1441345	-8,251404762
339,1501465	-8,031126976
339,1561584	-7,903584957
339,1621704	-7,824532509
339,1681824	-7,740461826
339,1741638	-7,599293709
339,1801758	-7,361994267
339,1861877	-7,01181078
339,1921997	-6,558104992
339,1982117	-6,033246517
339,2041931	-5,483151436
339,2102051	-4,954132557
339,216217	-4,47995472
339,222229	-4,072934628
339,228241	-3,721584558
339,2342224	-3,395206451
339,2402344	-3,053700447
339,2462463	-2,659461021
339,2522583	-2,187924623
339,2582703	-1,634116888
339,2642517	-1,013979077
339,2702637	-0,360747695
339,2762756	0,282247484
339,2822876	0,870537639
339,2882996	1,3674438
339,294281	1,751514792
339,300293	2,021326303
339,3063049	2,196735382
339,3123169	2,315966129
339,3183289	2,428435802
339,3243103	2,584113359
339,3303223	2,821333408
339,3363342	3,155961752
339,3423462	3,575120687
339,3483582	4,037962437
339,3543396	4,484188557
339,3603516	4,848650455
339,3663635	5,078198433
339,3723755	5,145915031
339,3783875	5,058403969
339,3843994	4,853963852
339,3903809	4,592383862
339,3963928	4,339795589
339,4024048	4,153389931
339,4084167	4,070436001
339,4144287	4,104170799
339,4204102	4,246562958
339,4264221	4,475769043
339,4324341	4,765011787
339,438446	5,089844227
339,444458	5,432008743
339,4504395	5,779706955
339,4564514	6,125442505
339,4624634	6,463253021
339,4684753	6,786996365
339,4744873	7,09057045
339,4804688	7,369886875
339,4864807	7,625457764
339,4924927	7,864039421
339,4985046	8,097984314
339,5045166	8,341831207
339,510498	8,606808662
339,51651	8,894948959
339,522522	9,194952965
339,5285339	9,48161602
339,5345459	9,71958828
339,5405273	9,870903015
339,5465393	9,904449463
339,5525513	9,804929733
339,5585632	9,578852654
339,5645752	9,255923271
339,5705566	8,885327339
339,5765686	8,527695656
339,5825806	8,244493484
339,5885925	8,08708477
339,5946045	8,087640762
339,6005859	8,253545761
339,6065979	8,566130638
339,6126099	8,983811378
339,6186218	9,449004173
339,6246338	9,8977108
339,6306458	10,27032375
339,6366272	10,52186489
339,6426392	10,62974644
339,6486511	10,59728241
339,6546631	10,45192146
339,660675	10,23837566
339,6666565	10,00829792
339,6726685	9,809254646
339,6786804	9,675956726
339,6846924	9,625888824
339,6907043	9,659905434
339,6966858	9,766796112
339,7026978	9,92982769
339,7087097	10,13317013
339,7147217	10,36669159
339,7207336	10,62836266
339,7267151	10,92411613
339,7327271	11,26539993
339,738739	11,66491127
339,744751	12,13140678
339,7507629	12,66486645
339,7567444	13,25340557
339,7627563	13,87298489
339,7687683	14,49014187
339,7747803	15,06694603
339,7807922	15,56678104
339,7867737	15,95947552
339,7927856	16,22480202
339,7987976	16,35406685
339,8048096	16,35000229
339,8108215	16,22538757
339,816803	16,00079536
339,8228149	15,70192719
339,8288269	15,35697937
339,8348389	14,99460411
339,8408508	14,64276409
339,8468323	14,32830048
339,8528442	14,07651234
339,8588562	13,90985966
339,8648682	13,84529972
339,8708801	13,89064693
339,8768921	14,04123688
339,8828735	14,27852535
339,8888855	14,57178879
339,8948975	14,88296318
339,9009094	15,17346096
339,9069214	15,41097832
339,9129028	15,57437229
339,9189148	15,65538216
339,9249268	15,65705776
339,9309387	15,58974075
339,9369507	15,46607018
339,9429321	15,29660988
339,9489441	15,08740139
339,9549561	14,84014034
339,960968	14,55485821
339,96698	14,23424053
339,9729614	13,88809013
339,9789734	13,53630352
339,9849854	13,20902443
339,9909973	12,9433651
339,9970093	12,77713585
340,0029907	12,74092007
340,0090027	12,85055828
340,0150146	13,10221767
340,0210266	13,47174835
340,0270386	13,91903687
340,03302	14,39666748
340,039032	14,86086082
340,0450439	15,28173065
340,0510559	15,64976978
340,0570679	15,97629452
340,0630493	16,28726387
340,0690613	16,61193085
340,0750732	16,96964073
340,0810852	17,3589077
340,0870972	17,75243568
340,0930786	18,09996986
340,0990906	18,33839989
340,1051025	18,40624428
340,1111145	18,25848198
340,1171265	17,87779617
340,1231079	17,27964401
340,1291199	16,51045227
340,1351318	15,63990307
340,1411438	14,74938679
340,1471558	13,91912556
340,1531677	13,21635056
340,1591492	12,68648529
340,1651611	12,34866047
340,1711731	12,19606209
340,1771851	12,20073032
340,183197	12,32156563
340,1891785	12,51368999
340,1951904	12,73712444
340,2012024	12,96306324
340,2072144	13,17672253
340,2132263	13,3767128
340,2192078	13,57170486
340,2252197	13,77571011
340,2312317	14,00327301
340,2372437	14,26543236
340,2432556	14,56669235
340,2492371	14,90280247
340,255249	15,25914669
340,261261	15,60998249
340,2672729	15,91921997
340,2732849	16,14354897
340,2792664	16,23825264
340,2852783	16,16505623
340,2912903	15,90038204
340,2973022	15,44192886
340,3033142	14,81168938
340,3092957	14,05455303
340,3153076	13,23277569
340,3213196	12,41765594
340,3273315	11,68017864
340,3333435	11,08235931
340,339325	10,67048264
340,3453369	10,47080994
340,3513489	10,48774242
340,3573608	10,70407772
340,3633728	11,08287525
340,3693542	11,57064724
340,3753662	12,10187435
340,3813782	12,6051054
340,3873901	13,01083565
340,3934021	13,2608757
340,3994141	13,31800365
340,4053955	13,17380142
340,4114075	12,85221672
340,4174194	12,40694714
340,4234314	11,91236115
340,4294434	11,44974613
340,4354248	11,09243584
340,4414368	10,89392281
340,4474487	10,88198376
340,4534607	11,05963707
340,4594727	11,41117573
340,4654541	11,90991306
340,4714661	12,52417755
340,477478	13,21956539
340,48349	13,95769501
340,489502	14,69355679
340,4954834	15,37419224
340,5014954	15,9406786
340,5075073	16,33368874
340,5135193	16,50125122
340,5195313	16,40649986
340,5255127	16,03346825
340,5315247	15,39003658
340,5375366	14,50824165
340,5435486	13,44271469
340,5495605	12,2678442
340,555542	11,07356071
340,561554	9,959122658
340,5675659	9,024271011
340,5735779	8,357903481
340,5795898	8,025564194
340,5855713	8,058208466
340,5915833	8,445155144
340,5975952	9,133710861
340,6036072	10,03657246
340,6096191	11,04611206
340,6156006	12,0527029
340,6216125	12,96293545
340,6276245	13,71347141
340,6336365	14,27746964
340,6396484	14,66266155
340,6456604	14,9025631
340,6516418	15,04397964
340,6576538	15,13455772
340,6636658	15,2132988
340,6696777	15,30539036
340,6756897	15,42109013
340,6816711	15,55736351
340,6876831	15,70087814
340,6936951	15,83150482
340,699707	15,92612267
340,705719	15,96278286
340,7117004	15,92504597
340,7177124	15,80570984
340,7237244	15,6088171
340,7297363	15,34900475
340,7357483	15,04809952
340,7417297	14,72989655
340,7477417	14,41484928
340,7537537	14,11641312
340,7597656	13,84010696
340,7657776	13,58513451
340,771759	13,34743786
340,777771	13,12254238
340,783783	12,90695381
340,7897949	12,69773579
340,7958069	12,49099922
340,8017883	12,2807188
340,8078003	12,05926132
340,8138123	11,82031918
340,8198242	11,56367779
340,8258362	11,3001194
340,8318176	11,05414486
340,8378296	10,86248684
340,8438416	10,76762104
340,8498535	10,80724812
340,8558655	11,00242901
340,8618469	11,34802437
340,8678589	11,80881405
340,8738708	12,32321835
340,8798828	12,81422138
340,8858948	13,2048502
340,8919067	13,43408871
340,8978882	13,4689703
340,9039001	13,30984688
340,9099121	12,98790264
340,9159241	12,55615902
340,921936	12,07678413
340,9279175	11,60800266
340,9339294	11,19342613
340,9399414	10,85549545
340,9459534	10,59345341
340,9519653	10,38533783
340,9579468	10,19299412
340,9639587	9,969086647
340,9699707	9,665196419
340,9759827	9,240154266
340,9819946	8,667614937
340,9879761	7,941629887
340,993988	7,078957081
341	6,117251873
